%YAML:1.0
bedroom.alpha: !!opencv-matrix
   rows: 1
   cols: 40
   dt: f
   data: [ 4.5290622e-02,3.4855300e-02,3.4167538e-02,2.5168751e-02,3.2367175e-02,3.4857990e-02,2.4950816e-02,3.4799554e-02,3.1783220e-02,4.3797545e-02,3.1098752e-02,2.9916953e-02,2.6702246e-02,2.0506921e-02,4.8780209e-02,3.6272298e-02,3.8353361e-02,4.4138869e-02,3.7646625e-02,4.1113405e-02,5.1189589e-02,4.7024357e-02,6.6954877e-02,3.3888935e-02,2.6328200e-02,3.5802739e-02,3.7701930e-02,3.3428771e-02,2.2961764e-02,2.9865865e-02,4.6150548e-02,5.1363983e-02,4.7803512e-02,6.0825521e-02,4.4860042e-02,2.8211353e-02,4.9580140e-02,5.6351786e-02,6.1606586e-02,2.9660090e-02 ]
