%YAML:1.0
bedroom.alpha: !!opencv-matrix
   rows: 1
   cols: 40
   dt: f
   data: [ 1.2994115e-02,1.4481266e-02,2.1553280e-02,6.8259610e-03,1.0037574e-02,1.7217364e-02,1.2420174e-02,1.2942666e-02,9.7878947e-03,1.5127670e-02,9.2064364e-03,1.9515087e-02,7.8269257e-03,2.9386474e-02,1.6526628e-02,1.0887390e-02,1.8332754e-02,5.9259427e-03,8.6292152e-03,1.8915913e-02,1.7701022e-02,1.6402515e-02,7.6567296e-03,1.2276805e-02,1.0901890e-02,1.6892367e-02,1.8052647e-02,1.3453397e-02,2.1139937e-02,2.4949193e-02,1.1850599e-02,9.6202314e-03,6.2539355e-03,7.5390036e-03,6.6884382e-03,1.8952169e-02,6.8427131e-03,1.6090812e-02,1.6246162e-02,3.0116158e-02 ]
