%YAML:1.0
CALsuburb.alpha: !!opencv-matrix
   rows: 1
   cols: 40
   dt: f
   data: [ 1.0774187e-02,3.0645775e-02,8.8942359e-03,1.2215870e-01,1.0961899e-02,3.5187441e-02,2.2931448e-02,7.4371633e-02,1.2529070e-02,3.2661708e-02,2.5193192e-02,1.0945768e-01,1.8341262e-02,2.4074185e-02,1.0067348e-02,1.2057362e-02,9.7787660e-02,2.4230298e-02,2.4946861e-02,4.4827813e-02,1.6561272e-02,1.8535207e-02,6.9624156e-03,9.9006487e-03,1.5097374e-02,9.5062153e-03,4.1004284e-02,1.3228534e-02,1.3931056e-02,1.1729057e-02,5.7585562e-02,3.2343869e-02,6.8626785e-03,1.7449874e-02,1.1136408e-02,2.4048224e-02,3.4317171e-02,2.4864740e-02,3.5252257e-02,8.2062512e-03 ]
