%YAML:1.0
CALsuburb.alpha: !!opencv-matrix
   rows: 1
   cols: 40
   dt: f
   data: [ 3.8854948e-02,5.6196684e-02,4.5903732e-02,3.5422781e-02,2.9714213e-02,1.4648348e-01,5.4124393e-02,1.2311140e-01,4.4322947e-02,3.0732628e-02,5.8618601e-02,3.3584501e-02,6.4568092e-02,4.1830762e-02,4.8643593e-02,6.7849330e-02,7.7924849e-02,6.0707377e-02,8.6335321e-02,5.7975522e-02,6.9127497e-02,2.5963554e-02,4.1630788e-02,4.5174056e-02,3.9877029e-02,8.4650167e-02,3.2018827e-02,2.8163877e-02,3.5429849e-02,4.9525500e-02,2.2278665e-02,4.3585278e-02,4.3250026e-02,5.6758310e-02,3.0749289e-02,7.1811864e-02,5.4562842e-02,6.2288848e-02,4.9426733e-02,6.4272540e-02 ]
