%YAML:1.0
CALsuburb.beta: !!opencv-matrix
   rows: 150
   cols: 40
   dt: f
   data: [ 8.7975460e-03,5.1433706e-12,5.3310857e-03,8.2371889e-15,7.4662374e-03,1.1305653e-24,9.7123853e-03,1.9410639e-03,2.7224774e-03,3.0354804e-11,1.6856783e-02,3.8735055e-17,2.7004899e-82,6.5178141e-03,1.7636575e-03,2.0113208e-43,2.6911422e-03,6.7082380e-11,6.5260505e-22,4.0315511e-10,1.1291558e-02,3.7975580e-03,4.3197832e-03,2.2012203e-83,2.6859149e-03,1.9615206e-03,3.3609047e-02,2.6155849e-03,7.9683759e-03,7.6338407e-03,8.2223389e-26,1.9297464e-02,6.5306085e-60,8.2427446e-03,2.3108232e-34,2.3874797e-22,4.8044396e-03,3.2887147e-03,6.1574149e-08,1.7856517e-52,
       1.0358777e-02,5.6751488e-24,2.1944267e-02,1.0462492e-09,5.8727805e-03,8.9178088e-10,1.1516196e-31,6.5973477e-03,2.3123202e-03,4.7602172e-02,2.8450886e-20,5.9695509e-03,3.0037770e-07,3.6137682e-03,1.2653824e-02,2.7986307e-02,1.7010218e-07,2.2456183e-04,2.1228425e-26,9.9140444e-14,1.0191379e-33,1.3490640e-19,1.4409679e-80,8.1417517e-03,1.8259376e-02,3.6992223e-02,1.6505826e-02,4.6065819e-03,7.3767652e-24,2.5439094e-51,3.6391371e-09,1.7491291e-15,1.2470671e-02,2.4666130e-02,3.5458678e-02,8.2243348e-02,1.1122555e-01,3.0743015e-03,1.7583200e-20,4.6674783e-03,
       8.6363518e-02,1.3467588e-43,3.5235952e-03,5.3995185e-17,5.1803596e-03,2.7959529e-24,4.0615086e-55,1.1506725e-01,4.4268072e-22,1.7579786e-02,1.6426728e-07,4.7347556e-06,1.6206881e-11,1.9432263e-43,3.3381609e-03,8.9896016e-03,5.9209991e-19,2.6024701e-19,5.5203360e-196,6.3918662e-43,6.9401871e-03,1.1853282e-01,1.3333473e-02,6.9177295e-03,1.0162480e-02,4.6318453e-02,1.0278522e-33,2.4120370e-46,1.0667317e-13,7.1998445e-81,1.2989572e-02,3.4412391e-03,6.0380101e-95,1.8778984e-02,1.7372301e-02,2.5106561e-02,1.7692955e-02,4.1892392e-03,1.2921640e-04,1.6502181e-02,
       1.6233815e-121,2.7621424e-65,3.7241572e-03,4.0791412e-21,4.7486803e-67,4.2593128e-13,6.2096493e-113,9.3213967e-43,3.5089215e-03,1.4806773e-57,8.7047705e-49,8.4571750e-47,1.9657701e-65,3.0498576e-03,5.4455015e-03,6.2224219e-55,4.6112682e-41,8.5398281e-30,3.9184345e-34,7.8324192e-30,7.0353853e-40,4.5733662e-94,4.4009401e-03,3.6096841e-03,3.6022417e-41,7.8792804e-03,1.0006282e-90,4.8212282e-35,1.9230689e-03,4.9662611e-03,1.2369000e-47,2.3837988e-03,6.1313280e-274,5.0755573e-73,2.0601325e-03,3.0861677e-51,3.0774751e-97,7.7032736e-58,3.3971438e-264,3.2995060e-86,
       2.5600261e-133,0.0000000e+00,6.3275885e-84,1.4075272e-16,1.7296481e-02,7.4233589e-27,3.8510590e-03,1.6059226e-13,1.0523030e-03,6.1428282e-69,9.1837600e-27,3.3942620e-22,2.3667120e-32,3.2115651e-43,5.3652606e-03,2.1555780e-03,3.6917202e-23,1.9242908e-02,8.8248219e-03,2.3035029e-65,1.0731821e-02,9.4333265e-03,1.3177837e-02,1.7231186e-106,4.0191321e-09,6.4853344e-03,5.1009580e-60,1.9356416e-02,6.2910136e-03,4.9227785e-03,5.5116111e-03,1.2996643e-02,6.5406777e-73,2.8901399e-03,3.8842557e-63,1.1482422e-02,1.2298600e-81,1.4856216e-02,2.8691834e-09,2.3252578e-83,
       9.3070478e-301,5.5021747e-78,5.6029595e-03,8.2589671e-92,0.0000000e+00,0.0000000e+00,8.4206822e-99,2.4215042e-13,1.6709655e-83,2.7164243e-75,0.0000000e+00,3.4152976e-249,0.0000000e+00,3.4588918e-105,7.2663609e-03,7.4296361e-255,4.7697562e-169,0.0000000e+00,0.0000000e+00,3.8882553e-50,0.0000000e+00,0.0000000e+00,0.0000000e+00,2.8877987e-186,7.2697529e-03,3.4070673e-174,9.8907600e-205,0.0000000e+00,5.2241223e-96,1.9339008e-143,8.7077178e-47,1.5348222e-03,0.0000000e+00,4.1233262e-03,4.1592439e-89,3.7670384e-14,7.0302082e-15,0.0000000e+00,1.2960100e-10,0.0000000e+00,
       3.0308764e-43,5.8865204e-17,2.5713531e-02,2.1732865e-02,1.0312514e-02,6.4661846e-05,6.2914569e-02,2.3293031e-06,4.2012634e-03,3.6375231e-02,5.1440146e-03,4.9037261e-02,1.6964729e-02,2.7255910e-02,1.6611815e-03,1.6909521e-02,3.3558503e-12,2.1673011e-05,1.1344919e-02,4.2944755e-11,2.2375528e-44,9.6856292e-24,1.5102023e-02,4.7063075e-02,5.6971217e-03,9.9407923e-26,1.0774727e-02,4.7646895e-03,8.2715248e-03,1.5016004e-02,1.7559054e-03,1.5531611e-13,9.2764054e-03,2.0791866e-02,2.1066517e-02,4.0733379e-02,5.8883096e-02,1.7472433e-02,2.6541469e-02,1.0773757e-02,
       1.0305246e-02,1.4572280e-34,5.5780905e-03,4.0651581e-12,7.3509733e-03,2.2789878e-09,1.8579289e-44,3.4310118e-24,3.6446517e-72,1.9398767e-36,4.6565904e-02,2.3504817e-28,1.2887947e-02,3.8218737e-47,3.6285958e-03,3.3298054e-02,5.4674773e-10,6.9338852e-47,5.6725797e-27,9.3746461e-49,1.0811308e-02,1.1350663e-20,2.0298921e-75,3.0015491e-53,1.0818325e-04,4.9971162e-03,2.6079961e-99,4.8125416e-03,6.1943497e-97,1.7562785e-02,2.7015903e-41,3.4923432e-03,1.6770330e-114,1.2341158e-02,2.9399557e-85,8.0208516e-27,2.0309589e-02,7.7270767e-41,2.5478255e-09,1.5774100e-87,
       5.1986483e-120,1.0448887e-02,3.6087653e-03,3.0732658e-07,7.7535687e-03,1.6959279e-04,4.1322446e-73,1.0347450e-28,6.3563784e-03,7.7001086e-51,5.8196917e-03,4.1561634e-03,1.5070277e-02,8.2602567e-03,4.4171575e-74,4.3627537e-03,3.2121042e-33,3.2190462e-10,2.2749519e-02,4.9808104e-17,2.2271608e-36,1.5122937e-02,1.1785349e-85,1.7344832e-03,2.9271423e-66,5.1236347e-03,5.7526331e-03,4.6091423e-52,1.6618566e-97,4.9353744e-03,2.3357145e-20,9.6702329e-74,1.5624710e-02,4.6112527e-84,4.1013215e-03,4.5021286e-34,2.3579901e-50,2.5227322e-33,1.8391326e-45,3.5798337e-03,
       5.1522047e-03,2.7325855e-36,1.7936102e-03,1.8992554e-09,9.6496035e-03,7.4707300e-22,1.2846145e-02,5.0612308e-32,8.3843630e-78,1.0693340e-35,1.7032733e-10,1.3321912e-16,1.7490977e-07,9.8542711e-36,1.7001466e-03,1.9794777e-03,7.1332066e-20,7.3951206e-03,6.7129768e-31,1.5921271e-03,1.9057313e-02,1.3534306e-02,2.4392021e-87,9.0010280e-03,2.8853394e-02,9.3566574e-03,3.4241574e-75,2.4855698e-03,3.1470688e-03,6.7215999e-69,1.6640691e-20,5.0647074e-03,9.3166191e-03,6.1537049e-03,9.8201735e-03,3.1855656e-02,2.1880233e-02,8.9598831e-03,3.3160207e-16,9.9218477e-03,
       1.2515770e-127,3.0722985e-10,0.0000000e+00,3.7810027e-03,1.6163906e-84,2.3667818e-26,0.0000000e+00,2.0946208e-09,8.2007364e-03,2.2098483e-102,2.8208626e-03,1.2303178e-15,1.0164908e-84,2.6647663e-50,1.9971356e-82,2.3576258e-71,2.0479519e-25,1.4833545e-50,5.1675276e-38,3.1743893e-19,2.1501094e-02,2.4445736e-02,1.0483116e-71,1.7119748e-99,4.4958042e-23,7.6895294e-03,4.2922549e-19,2.9553508e-03,1.5645938e-02,9.5590166e-70,4.2260255e-26,4.0861178e-17,2.8069706e-02,8.0994000e-122,2.0770271e-23,2.7998341e-24,1.7204349e-03,8.5517415e-52,4.6357457e-03,6.5820922e-03,
       2.0610532e-02,0.0000000e+00,1.6944238e-103,5.4337352e-65,7.8275610e-99,8.2447577e-47,4.0303487e-86,1.8684550e-46,1.7439970e-03,3.5226811e-19,0.0000000e+00,1.4780354e-54,3.8259318e-91,0.0000000e+00,1.4626556e-02,6.5105917e-51,6.1408394e-37,8.9105382e-60,2.2332283e-36,5.8979127e-54,3.1058743e-03,5.7720752e-96,6.6022327e-03,1.2485272e-84,2.2204733e-106,8.0126793e-03,2.2446737e-135,1.9295239e-02,1.9398081e-126,2.7973250e-72,9.0391309e-50,1.7815068e-67,0.0000000e+00,1.2291244e-02,8.0950660e-103,3.4475789e-122,6.2315123e-146,2.3185333e-03,8.8448753e-128,0.0000000e+00,
       0.0000000e+00,0.0000000e+00,4.8996251e-107,3.9382358e-267,0.0000000e+00,0.0000000e+00,0.0000000e+00,0.0000000e+00,2.1763536e-81,2.7824103e-146,0.0000000e+00,5.4191638e-277,0.0000000e+00,0.0000000e+00,5.4775413e-03,2.0815515e-254,0.0000000e+00,2.1485124e-127,0.0000000e+00,1.6144495e-86,1.3437164e-191,0.0000000e+00,1.0853359e-02,0.0000000e+00,2.2143260e-224,7.3652704e-157,0.0000000e+00,2.2711850e-03,0.0000000e+00,5.9876260e-73,5.9201567e-55,1.2340419e-117,0.0000000e+00,2.0815724e-94,2.2921963e-104,0.0000000e+00,0.0000000e+00,0.0000000e+00,0.0000000e+00,0.0000000e+00,
