%YAML:1.0
CALsuburb.alpha: !!opencv-matrix
   rows: 1
   cols: 40
   dt: f
   data: [ 2.0456707e-02,3.9655773e-02,2.5366221e-02,6.5821267e-02,2.9102260e-02,3.4115343e-02,4.8745298e-02,2.9351407e-02,4.2844963e-02,2.4899473e-02,2.6566404e-02,4.0671072e-02,3.5374648e-02,5.8170717e-02,3.9569652e-02,2.2951182e-02,4.7205099e-02,2.0746567e-02,3.1775142e-02,2.9439428e-02,5.1161104e-02,3.8327646e-02,3.1196827e-02,7.3621432e-02,3.6230114e-02,4.6781215e-02,3.4271054e-02,4.8329902e-02,2.1981901e-02,1.9753021e-02,2.7828933e-02,9.9235957e-03,3.1698621e-02,3.4922704e-02,3.2587128e-02,6.6292614e-02,4.3556906e-02,3.0714296e-02,4.3356313e-02,3.8950198e-02 ]
