%YAML:1.0
CALsuburb.beta: !!opencv-matrix
   rows: 150
   cols: 40
   dt: f
   data: [ 3.3300177e-21,3.1836492e-03,9.7045266e-03,3.7475095e-03,6.3492470e-03,1.7490577e-08,9.1650530e-03,2.7881826e-02,4.3336050e-04,3.9089869e-31,1.0852106e-02,4.7722821e-12,6.8818599e-04,1.9799221e-03,1.0028090e-05,1.7204809e-02,3.0383738e-03,2.4243418e-02,6.2921913e-04,1.3820781e-02,6.6878644e-04,7.6016038e-17,5.4116583e-03,1.2928934e-02,7.3156218e-03,2.7710701e-03,1.3457541e-21,8.2389974e-04,7.0144428e-03,1.0334379e-02,6.7132988e-03,5.2818040e-03,8.5326970e-03,2.9952602e-17,2.2400741e-14,1.8796399e-02,7.7004201e-06,3.2262678e-03,1.7177445e-02,2.0895483e-07,
       2.8803714e-03,1.3590863e-02,1.1681892e-02,3.8750251e-03,5.3456112e-16,4.2916229e-03,2.0538237e-03,1.5865247e-21,7.3547131e-03,7.4069486e-03,2.0047333e-06,1.2307351e-02,2.4998748e-05,1.3212468e-26,2.5667463e-03,1.0312045e-02,8.8098815e-04,3.9939136e-03,2.4011269e-03,5.7752099e-17,9.4001910e-05,3.3904793e-55,2.6255734e-34,2.2489794e-03,1.9473020e-03,6.1879590e-07,7.4597198e-57,2.0184310e-06,3.0430441e-28,2.4255246e-03,1.4543135e-02,1.2624837e-02,8.9388966e-03,5.3302462e-03,2.0357059e-18,1.8156245e-10,1.7253822e-02,9.4819793e-03,1.4126057e-18,6.3267574e-03,
       1.4214754e-03,2.6317930e-03,1.1759169e-02,3.7722989e-48,6.6097932e-13,1.3028339e-07,9.8003274e-03,2.7825257e-03,5.2052034e-03,1.2256979e-02,6.5440448e-03,8.8475690e-03,8.4950683e-04,3.7387093e-03,1.5333178e-23,4.5958153e-10,8.0942256e-07,1.3183207e-15,5.3833977e-42,3.5912178e-03,8.7626889e-03,1.7004161e-13,4.0996805e-03,7.5512080e-03,6.5669524e-41,3.6819168e-02,8.6450600e-03,4.5976463e-03,1.8347295e-03,7.1859351e-03,8.0307646e-03,9.3047597e-15,6.6319596e-03,8.2965444e-03,1.6128706e-04,1.3857307e-02,2.3213291e-02,3.7848003e-04,9.6836995e-10,1.0951376e-02,
       3.8061418e-03,3.1709737e-05,1.2435234e-16,3.8098527e-50,2.8320742e-42,3.8359949e-36,4.1662525e-03,6.1694221e-22,3.9304323e-09,7.7233163e-44,8.3801624e-30,9.3222567e-03,7.9097223e-03,1.6526261e-33,1.1386057e-23,1.8308995e-05,1.0790397e-11,5.3948928e-03,4.1123504e-12,1.0364727e-02,5.7070179e-10,9.6410030e-76,1.2598630e-02,2.6013084e-06,7.9066037e-03,1.2673730e-18,3.5741827e-03,4.1591981e-76,7.2165560e-33,2.8506759e-31,4.1886969e-03,3.7344194e-11,2.5019153e-03,2.6481993e-29,1.4390506e-02,1.2549618e-22,1.1841467e-16,7.8211166e-26,1.4444462e-37,7.2608931e-16,
       1.2932753e-08,8.8121154e-04,8.1980701e-03,4.2936453e-03,1.9739414e-09,4.1687314e-06,1.8598585e-03,8.9384224e-04,1.0654230e-02,2.3079764e-03,8.3807566e-03,6.9035309e-03,6.2666048e-03,1.3878284e-22,8.7087497e-03,1.7052438e-02,2.9076110e-03,5.0781139e-03,3.0059132e-03,3.0157016e-03,1.6548104e-02,2.9437207e-08,8.2182481e-03,2.2380475e-02,1.9287001e-03,1.8365891e-04,4.6173435e-03,6.2795715e-03,1.3265863e-02,3.8850701e-18,4.6165149e-34,6.8048455e-03,2.1812640e-33,1.0283357e-12,6.8875860e-03,4.6141908e-03,1.6149373e-02,2.3210293e-02,2.0571423e-03,4.9046065e-05,
       4.2439131e-03,1.5685306e-02,1.1602796e-02,3.7965509e-03,1.3077957e-02,5.3575686e-05,2.2961848e-03,1.0361468e-03,2.5167019e-02,6.3157951e-34,3.0817371e-03,6.6994496e-22,4.0351690e-03,4.1735369e-03,8.0360255e-03,4.2058859e-04,2.1815042e-02,5.1475876e-03,1.4806480e-48,2.8092743e-03,8.9145294e-03,1.7504618e-05,1.2942394e-02,1.1615728e-13,8.1690062e-03,1.4674268e-07,6.2937212e-03,6.2073563e-03,1.7173604e-03,1.4469914e-25,1.9931402e-03,2.0832040e-07,2.4205396e-03,4.2322983e-03,1.1253438e-03,1.8299744e-13,7.4296135e-09,3.3614674e-03,1.0377412e-02,5.5413559e-17,
       1.1424055e-52,9.9359695e-03,2.4749851e-11,2.3515985e-03,2.6472687e-02,4.0060976e-29,1.4469175e-50,1.8642140e-21,6.6022669e-03,1.2165383e-62,3.6780575e-02,1.2338023e-58,8.5787230e-08,7.1853391e-25,4.6625152e-17,1.8743196e-02,6.5027168e-14,2.2049933e-08,2.1908814e-22,1.3461592e-03,2.8659336e-17,2.7130021e-02,1.1631328e-30,6.4107344e-27,2.0547638e-03,3.9632897e-43,5.5765112e-39,1.9601045e-02,2.9131134e-02,1.3484004e-66,2.7000941e-14,3.3625056e-28,1.9027488e-02,2.6762023e-03,2.9952817e-03,2.3390562e-12,8.0413740e-37,2.7646231e-33,8.2501412e-05,1.2086320e-05,
       2.2229953e-03,1.0117898e-04,4.4328411e-03,1.6664756e-02,2.7768186e-03,3.2157414e-03,1.6418197e-35,2.3595286e-02,1.1660463e-06,4.2881974e-03,1.9792367e-07,2.2305031e-03,4.1997425e-04,7.3840570e-03,4.9830761e-03,3.4360928e-03,4.6822885e-03,1.6761853e-02,1.8774153e-02,5.0744128e-02,4.0232011e-03,1.0621894e-02,6.0684134e-03,1.1360528e-18,9.1213725e-03,2.3178856e-03,4.9997039e-35,4.0449042e-03,1.2733648e-02,8.5292056e-03,4.2977079e-03,7.7945875e-03,8.3555205e-03,1.9541700e-16,4.9549807e-06,1.1235529e-02,3.5186918e-02,2.0074827e-03,2.7883675e-02,2.5859138e-02,
       3.1969496e-34,9.3840314e-03,3.2400583e-03,3.7233597e-03,4.2813064e-03,5.4888899e-14,5.8997406e-03,6.2208277e-14,1.0467705e-02,1.1234986e-02,2.1704008e-18,8.4992806e-30,3.7142417e-08,1.3541175e-13,8.2024003e-22,5.7984319e-03,1.7038124e-05,1.1199554e-02,2.4154152e-03,4.8694155e-10,7.2605373e-03,5.0567461e-33,4.3697388e-03,2.1966665e-02,8.4586524e-03,9.1091993e-03,4.8545862e-03,3.0818969e-02,5.7693603e-08,7.5632883e-05,2.0858840e-03,4.8597916e-06,4.5421080e-03,1.8721386e-24,7.5753596e-03,3.1028893e-03,1.6326854e-02,2.8378132e-03,1.1893624e-02,2.5487351e-11,
       1.1157246e-03,8.5174751e-04,2.0268409e-02,7.6677502e-03,9.2536055e-09,1.1080785e-02,7.7145784e-03,3.5220985e-03,1.0807220e-02,1.3243557e-40,5.7014635e-03,1.1182720e-02,1.5513241e-02,2.1461014e-02,1.9576999e-02,3.7976370e-04,7.0723822e-02,2.8983265e-02,4.5409959e-19,2.7925272e-03,2.1790066e-03,1.0871190e-02,5.0263981e-02,4.3000803e-07,1.2279958e-03,6.1689026e-04,1.1431538e-02,2.3690864e-02,1.9432512e-02,7.7928958e-03,1.3051151e-02,1.2739608e-02,2.4290525e-17,3.8450454e-03,8.9684402e-03,6.3170107e-17,1.9344424e-02,6.1878997e-03,6.5498635e-02,1.4408756e-02,
       3.5565669e-04,1.6286668e-17,9.0713979e-16,7.1812694e-03,3.3322233e-17,2.7881954e-03,1.5966889e-03,5.1643271e-17,4.1825654e-08,6.2116377e-02,5.8524314e-12,1.9834195e-09,4.4319970e-11,5.7690156e-26,2.5844229e-02,4.4503052e-03,2.4710163e-12,5.6050684e-36,8.8982362e-21,6.1542390e-31,2.3642852e-14,1.6563627e-03,4.2336009e-21,1.2087621e-15,1.7382814e-03,1.0597878e-01,6.3186825e-02,5.9586512e-04,1.8488212e-31,3.2856166e-06,6.5933821e-03,1.4880622e-02,4.2698585e-03,2.6707233e-03,3.8278788e-03,1.9558356e-20,5.3042029e-03,1.2489294e-01,5.9932697e-14,1.4010447e-24,
       1.6987163e-20,5.1548482e-03,9.7532177e-10,8.1397814e-03,1.2657627e-02,7.8784954e-27,2.5499832e-40,1.0488657e-20,6.4645423e-05,2.6435166e-03,5.3424706e-03,9.3288446e-04,1.5889892e-06,4.3034021e-03,2.4504751e-05,9.6643441e-09,2.2191756e-06,8.5673563e-04,5.8741455e-03,1.3905779e-02,9.3083037e-24,9.1306410e-41,4.4749593e-35,2.9654124e-03,1.8406553e-03,1.1798722e-04,1.4950633e-32,6.1430375e-03,1.1425697e-11,2.5006317e-21,2.6742451e-02,2.6442091e-03,4.5714721e-04,1.7913241e-22,4.8524160e-03,4.1089279e-20,6.7784217e-03,3.3422269e-12,4.2002148e-04,1.0682623e-02,
       9.0987915e-22,5.3666494e-55,1.0228842e-13,1.6502730e-03,5.1554348e-46,7.0088869e-36,2.1252820e-03,4.5426689e-92,3.4066986e-03,2.6288532e-03,1.0770213e-26,5.8712499e-03,1.5357121e-10,1.2031810e-28,1.4818464e-60,9.7084974e-40,3.0723419e-14,4.7985673e-11,2.7828317e-103,2.5584658e-13,8.9675650e-03,2.2395885e-03,1.7627037e-38,8.3293118e-114,1.0917189e-02,1.0451454e-19,5.5779199e-96,3.2959322e-87,1.2256698e-27,4.9887510e-38,5.9394385e-110,2.3778399e-03,1.9691473e-67,3.1517993e-03,1.5000807e-03,3.4580355e-32,7.8716429e-04,4.1665979e-49,6.0366228e-06,1.0129157e-31,
