%YAML:1.0
CALsuburb.alpha: !!opencv-matrix
   rows: 1
   cols: 40
   dt: f
   data: [ 3.6299718e-02,1.2146049e-02,1.9133582e-02,6.4078398e-03,1.6463948e-02,1.7928425e-02,1.2629551e-02,9.7977103e-03,9.9693827e-03,1.3168473e-02,8.8580930e-03,1.8613962e-02,8.2400526e-03,1.0986174e-02,1.1231018e-02,1.2921256e-02,7.6716824e-03,1.5894174e-02,8.9529469e-03,8.1639075e-03,1.6427581e-02,1.6175656e-02,1.1766041e-02,1.3616713e-02,7.3397389e-03,2.2154252e-02,1.9190831e-02,1.3080832e-02,1.8441247e-02,2.1129188e-02,1.1858775e-02,2.7082281e-02,2.0954406e-02,2.0864771e-02,7.4057551e-03,1.4222529e-02,8.5479548e-03,5.7256066e-03,1.3071880e-02,8.0713723e-03 ]
