%YAML:1.0
kitchen.alpha: !!opencv-matrix
   rows: 1
   cols: 40
   dt: f
   data: [ 5.9024822e-02,2.8330435e-02,3.6029657e-02,3.9901027e-02,2.0142064e-02,1.6250382e-02,4.2840722e-02,4.0322762e-02,3.7757952e-02,2.7601299e-02,2.0909538e-02,3.5264788e-02,1.7148248e-02,1.7757126e-02,2.6264551e-02,3.2565376e-02,5.4682316e-02,3.3176310e-02,4.7054717e-02,4.2053488e-02,3.1710235e-02,5.4757996e-02,2.6829442e-02,1.7980899e-02,3.9178879e-02,5.8608116e-02,3.2932646e-02,2.6100304e-02,5.9987423e-02,2.5729058e-02,2.6117224e-02,2.3445003e-02,2.7808751e-02,2.2319131e-02,5.4370898e-02,4.4552504e-02,2.3060249e-02,2.4593790e-02,3.0208527e-02,4.2803537e-02 ]
