%YAML:1.0
kitchen.alpha: !!opencv-matrix
   rows: 1
   cols: 40
   dt: f
   data: [ 3.4289791e-02,5.8850515e-02,6.6267378e-02,1.3616825e-02,1.2832162e-02,7.8793248e-03,1.5539639e-02,1.7406477e-02,1.7192004e-02,3.2582047e-02,1.0850968e-02,6.6900400e-02,3.3898207e-02,2.2261949e-02,1.2404467e-02,1.5177199e-02,1.2056095e-02,2.3692036e-02,2.6404112e-02,1.1387255e-01,1.8795842e-02,7.7783095e-03,1.0838726e-02,2.7435988e-02,4.3885205e-02,3.0766158e-02,5.7034901e-02,8.8097895e-03,6.3535985e-02,7.0727369e-03,2.9549611e-02,1.1512516e-02,1.4335547e-02,2.5702986e-02,3.4967033e-02,1.2660531e-02,3.8370553e-02,8.1482232e-03,2.0004296e-03,1.4914351e-02 ]
