%YAML:1.0
MITcoast.alpha: !!opencv-matrix
   rows: 1
   cols: 40
   dt: f
   data: [ 1.2795585e-02,1.8898780e-02,2.8283194e-02,1.1942556e-02,2.0729441e-02,1.5950992e-02,3.8528863e-02,9.3698433e-03,1.4687682e-02,1.6704877e-02,1.5881886e-02,1.3515820e-02,2.3479013e-02,1.9043290e-02,2.1288744e-02,2.8094027e-02,4.6658170e-02,1.5006045e-02,8.6344398e-03,1.0301865e-02,2.8680699e-02,2.9835942e-02,1.2307890e-02,2.1793339e-02,1.5552934e-02,1.8323156e-02,3.0139502e-02,1.4334490e-02,2.5219028e-02,2.0166491e-02,8.5750233e-03,1.0193808e-02,1.5034709e-02,1.2672125e-02,2.8228553e-02,3.3917623e-02,8.1904655e-03,1.4759590e-02,9.9411617e-03,4.3395507e-02 ]
