%YAML:1.0
MITcoast.alpha: !!opencv-matrix
   rows: 1
   cols: 40
   dt: f
   data: [ 7.1662112e-03,4.2994840e-02,1.4590190e-02,9.6308391e-03,1.6642844e-02,2.6101141e-02,3.1645753e-02,6.0622600e-02,5.6336885e-02,2.9898869e-02,2.6000201e-02,4.8186988e-02,1.9554942e-02,2.6726671e-02,1.4662146e-02,1.0528625e-02,2.9623138e-02,1.3848227e-01,4.3544196e-02,5.0379833e-02,1.8104099e-02,2.8235835e-02,2.6683000e-02,5.7193047e-02,8.9421064e-03,3.0485288e-02,2.4077061e-02,1.3746876e-02,2.3094209e-02,2.7673287e-02,1.1447343e-02,1.7271483e-02,1.2365766e-02,6.3995518e-03,2.6594288e-02,8.7664769e-02,3.6448065e-02,1.7096987e-02,1.3491974e-02,3.5928426e-02 ]
