%YAML:1.0
MITcoast.beta: !!opencv-matrix
   rows: 150
   cols: 40
   dt: f
   data: [ 1.1254620e-02,3.5255123e-77,1.3917825e-49,9.1895841e-28,9.2854693e-22,5.9159920e-04,1.4669710e-93,6.0034440e-47,7.9529658e-50,0.0000000e+00,5.6569421e-81,3.6395814e-21,7.7139246e-28,4.8027535e-47,2.6298896e-74,7.5114867e-03,5.2601433e-60,1.8233105e-61,8.6637967e-45,8.9892053e-34,1.3053244e-02,1.5810299e-130,4.9157251e-91,3.2643928e-19,0.0000000e+00,5.8739803e-83,3.6784538e-02,0.0000000e+00,1.1888450e-107,0.0000000e+00,1.2818912e-02,2.4966716e-05,1.1066317e-04,7.8100779e-03,0.0000000e+00,3.1640071e-02,2.9288281e-56,3.1644376e-186,1.8848248e-17,2.2464036e-36,
       2.0217071e-02,3.1036893e-11,2.4366291e-27,0.0000000e+00,1.7818193e-02,8.2374496e-03,4.3147937e-03,1.7482818e-10,4.2690172e-20,3.0318267e-21,2.0984065e-02,1.0527004e-30,1.5716366e-02,2.8116538e-02,4.4656130e-03,2.7022031e-02,5.8440363e-03,5.7996888e-06,2.2485179e-15,1.1264782e-15,1.8281253e-02,4.3577981e-22,7.4891390e-03,2.5135288e-02,1.2129240e-02,3.6313040e-08,9.7842105e-28,5.7089544e-13,2.5878081e-35,1.4115688e-28,8.5144071e-04,9.3411766e-27,1.1069589e-02,1.3632356e-103,3.4757541e-49,3.7235969e-09,1.9783745e-65,1.5251890e-02,1.7080796e-02,4.4842769e-03,
       4.5761619e-56,7.8479507e-03,1.0935654e-52,1.1607295e-19,1.0187441e-01,2.3301027e-02,4.7217083e-03,1.6930392e-02,9.7079771e-03,1.2103916e-02,4.0491350e-19,2.7981691e-24,3.1118995e-02,4.5410569e-02,3.1867670e-03,2.4875226e-02,1.0876552e-02,4.1057379e-06,3.1921556e-09,8.1652773e-13,1.6547038e-02,1.1443248e-02,5.3495554e-04,6.3944688e-10,3.9755020e-03,1.5730058e-02,1.0570498e-02,9.0691989e-03,2.6599537e-02,4.5672614e-02,1.1591282e-02,2.7269922e-02,1.5510546e-02,4.3409361e-02,1.7247356e-01,6.8148656e-03,3.0374600e-21,3.8177707e-03,1.6612264e-02,2.1919480e-02,
       0.0000000e+00,0.0000000e+00,0.0000000e+00,0.0000000e+00,0.0000000e+00,0.0000000e+00,0.0000000e+00,0.0000000e+00,0.0000000e+00,0.0000000e+00,0.0000000e+00,0.0000000e+00,0.0000000e+00,0.0000000e+00,0.0000000e+00,0.0000000e+00,0.0000000e+00,0.0000000e+00,0.0000000e+00,0.0000000e+00,0.0000000e+00,0.0000000e+00,0.0000000e+00,0.0000000e+00,0.0000000e+00,0.0000000e+00,0.0000000e+00,0.0000000e+00,0.0000000e+00,0.0000000e+00,0.0000000e+00,0.0000000e+00,0.0000000e+00,0.0000000e+00,0.0000000e+00,0.0000000e+00,0.0000000e+00,0.0000000e+00,0.0000000e+00,0.0000000e+00,
       2.3789456e-157,7.5632400e-03,1.1202511e-53,1.0710026e-45,4.5397938e-03,4.9954497e-03,1.1144347e-07,7.2676538e-21,3.2267617e-02,1.3735980e-24,1.4105517e-05,8.8009149e-30,9.2773410e-03,3.0263577e-57,7.7943000e-63,1.4937451e-02,2.9193075e-02,2.2014076e-13,6.5299051e-03,4.0789359e-02,5.2524594e-03,1.4692323e-02,5.2836698e-03,1.3679928e-02,1.7299760e-61,6.4974931e-03,3.2946631e-22,9.0372592e-03,4.6519862e-36,7.8457149e-03,9.3084575e-03,4.1868763e-47,1.6762355e-122,7.7820565e-03,6.9860614e-03,7.9676462e-21,1.7484058e-25,3.0765113e-03,4.1049713e-02,8.3179709e-08,
       0.0000000e+00,1.2079328e-61,1.3617080e-54,1.7808978e-15,2.3614365e-83,1.6478953e-02,1.9582709e-02,2.1561776e-18,2.0909709e-02,6.4147967e-03,1.6211823e-02,4.2103098e-03,1.1074026e-32,1.9026853e-12,2.2361635e-02,4.6611231e-03,2.8250226e-06,4.9679567e-21,5.5449317e-11,7.9708893e-15,1.3325270e-44,5.1208541e-39,6.2954217e-03,2.9082595e-02,1.1775781e-02,2.3047887e-10,1.3751447e-02,1.4456444e-60,3.8327694e-40,6.3948724e-25,1.5439816e-02,3.5066839e-02,2.3539254e-02,3.7066741e-03,6.6910942e-03,9.7304477e-12,1.0276592e-17,1.4772055e-02,7.0715335e-20,6.3019452e-27,
       5.7302253e-151,5.8675192e-106,1.0725291e-60,3.1262148e-242,0.0000000e+00,5.7381447e-68,6.5363484e-65,1.2789387e-36,5.8475679e-04,1.6854928e-116,1.1199947e-144,3.5958983e-45,0.0000000e+00,3.1642218e-70,1.7871682e-99,3.7660436e-03,3.2983932e-22,5.9026612e-58,6.8484618e-33,3.4488227e-03,1.3101515e-02,5.2265124e-105,2.4492003e-178,2.3929247e-29,6.6250944e-225,1.6783920e-42,0.0000000e+00,1.0513418e-02,2.8250770e-55,3.9347371e-142,0.0000000e+00,4.3874742e-62,3.3156291e-179,4.8261314e-265,5.3446531e-03,5.4750454e-23,1.5391848e-01,5.4801566e-03,7.5406581e-254,2.4652237e-58,
       9.0968255e-03,2.6520679e-04,7.0326685e-52,1.9125765e-02,2.6530525e-69,4.0672081e-47,6.5390535e-70,1.0388861e-02,9.6112565e-04,7.2335292e-03,1.7241744e-143,4.2355820e-03,1.4638400e-112,3.6616553e-03,4.6535889e-03,0.0000000e+00,4.0042599e-13,9.2412912e-31,1.5487599e-02,2.2035113e-03,3.4369193e-03,4.6106674e-131,1.3582431e-03,2.1646988e-21,3.7847728e-03,5.8078372e-132,8.1290051e-65,2.9465332e-03,8.3168626e-07,8.5701044e-03,3.8547782e-03,1.1814728e-44,7.5086855e-03,3.8923877e-03,1.7644957e-106,7.9563600e-03,2.2592822e-23,1.0227196e-38,3.9136443e-171,5.5927639e-08,
       0.0000000e+00,1.7246947e-91,3.7375267e-26,1.5959072e-11,4.3795827e-52,3.8868254e-113,1.1300664e-56,3.4444069e-34,6.2607856e-47,0.0000000e+00,0.0000000e+00,1.5008960e-67,0.0000000e+00,1.6280441e-82,3.0621587e-94,6.5851677e-03,1.4322870e-133,9.5033755e-45,8.5918755e-14,1.3181323e-78,3.4233725e-72,3.3225422e-159,2.5521732e-137,5.5061035e-53,0.0000000e+00,0.0000000e+00,4.7531194e-104,2.3336538e-03,9.4117353e-03,4.9224748e-319,3.7779879e-03,2.5015920e-286,3.3240437e-171,1.6074237e-260,0.0000000e+00,3.3756558e-138,1.3820780e-68,8.8405457e-198,0.0000000e+00,1.5448164e-111,
       9.1353182e-03,7.6413203e-03,9.8405375e-49,1.8585673e-05,1.3993404e-82,1.6130226e-02,1.3575874e-02,4.7954623e-01,5.0737211e-05,2.5325953e-08,4.3560913e-03,9.9967783e-03,1.3118182e-02,1.8159856e-02,3.7953131e-02,7.5887468e-04,3.7525354e-12,4.6302709e-03,3.9753387e-03,3.9538626e-03,9.1115020e-38,2.8335317e-21,1.0462817e-03,6.9108455e-02,4.6629431e-02,1.5810391e-04,7.0414377e-02,4.2519533e-52,1.6435037e-01,1.1594555e-02,1.6317099e-02,1.2252175e-21,1.2873294e-02,3.5156380e-02,1.1143468e-08,9.7697601e-12,4.6664947e-03,2.4955699e-02,9.3615765e-03,7.3697547e-03,
       7.9630756e-02,1.4396155e-24,1.5933495e-02,8.2320177e-40,2.8520942e-45,2.8777973e-02,1.1472295e-42,3.5623107e-20,4.2852965e-24,1.2356739e-13,3.8468682e-02,2.2619542e-19,5.2773721e-03,3.4788220e-25,4.4070375e-02,1.0352078e-02,5.5668650e-26,1.2982357e-24,3.5788297e-22,4.4264232e-10,5.8066321e-03,1.0342307e-45,3.5814999e-03,2.1814697e-23,1.9688776e-90,3.5015103e-01,1.2476926e-04,3.2773470e-96,1.0399749e-01,9.2257348e-13,1.3365324e-48,2.1154227e-28,5.6432748e-30,5.0932406e-02,4.7638884e-02,4.3119178e-28,9.6593652e-03,1.4446630e-03,2.9731150e-40,8.4018243e-02,
       0.0000000e+00,9.6348683e-78,0.0000000e+00,0.0000000e+00,0.0000000e+00,0.0000000e+00,0.0000000e+00,4.6783030e-33,1.7658466e-03,0.0000000e+00,0.0000000e+00,0.0000000e+00,0.0000000e+00,0.0000000e+00,0.0000000e+00,0.0000000e+00,0.0000000e+00,2.5221168e-257,5.4203471e-37,0.0000000e+00,0.0000000e+00,0.0000000e+00,0.0000000e+00,0.0000000e+00,0.0000000e+00,0.0000000e+00,0.0000000e+00,0.0000000e+00,0.0000000e+00,7.5326224e-61,0.0000000e+00,0.0000000e+00,0.0000000e+00,0.0000000e+00,4.3490288e-03,2.9109069e-238,3.0859203e-03,0.0000000e+00,0.0000000e+00,0.0000000e+00,
       0.0000000e+00,5.1146703e-43,5.0323036e-03,3.3735871e-13,9.6858130e-73,8.7667562e-66,6.8223241e-03,1.4659954e-02,4.1704914e-18,1.3998899e-02,2.3541029e-01,1.6697152e-24,7.0931314e-105,7.2190526e-03,6.5340905e-03,2.9645181e-11,9.5983068e-03,1.6419856e-55,9.9013108e-23,4.3150253e-03,3.2528374e-66,1.1928128e-57,7.7611850e-03,5.2052891e-03,4.7005700e-02,8.2702829e-08,3.3950769e-02,1.6489416e-37,6.6143059e-02,1.2382324e-41,1.1521331e-02,1.6321049e-108,3.3990033e-03,2.7622644e-02,3.2095391e-23,8.6582036e-09,2.7494446e-18,6.2130812e-03,8.5146357e-58,1.3655987e-40,
