%YAML:1.0
MITcoast.alpha: !!opencv-matrix
   rows: 1
   cols: 40
   dt: f
   data: [ 5.9950329e-02,2.0099695e-02,2.8709365e-02,5.8082988e-02,2.7487829e-02,9.9616776e-02,4.4623820e-02,1.6578957e-02,1.8762722e-02,5.7944679e-02,1.0376509e-01,3.7614237e-02,4.5320844e-02,6.8848029e-02,1.3432281e-02,1.5775105e-02,1.3914855e-02,2.9448100e-02,1.6824464e-01,3.1821040e-02,2.3180363e-02,3.3532174e-02,1.7297276e-02,2.3672258e-02,2.7679643e-02,1.1359646e-01,1.3656186e-01,2.3755368e-02,7.5585899e-02,6.4400019e-02,7.0025771e-02,3.8504903e-02,1.0992201e-02,2.4223566e-02,6.7431946e-02,4.7082125e-02,8.8692673e-02,1.5951746e-02,3.5647846e-02,2.7240269e-02 ]
