%YAML:1.0
MITcoast.alpha: !!opencv-matrix
   rows: 1
   cols: 40
   dt: f
   data: [ 2.8637973e-02,3.0867890e-02,1.3299047e-02,2.1613675e-02,3.6096522e-02,1.2109704e-02,4.5129162e-02,1.4862576e-02,1.3572694e-02,1.7523207e-02,6.0121490e-02,2.7752063e-02,1.1387684e-02,1.6573762e-02,1.5989247e-02,3.5864182e-02,1.4592825e-02,2.3287216e-02,4.9407872e-02,1.0569373e-02,1.7598506e-02,1.0595936e-02,3.7855682e-02,2.2626182e-02,1.2064520e-02,1.1540705e-02,2.3409242e-02,3.2748591e-02,1.3412586e-02,1.4502611e-02,6.7090963e-03,9.1945224e-02,2.3982961e-02,7.4061323e-03,1.2744936e-02,2.6696173e-02,2.5974565e-02,3.8085166e-02,1.4881015e-02,4.5595505e-03 ]
