%YAML:1.0
MITforest.alpha: !!opencv-matrix
   rows: 1
   cols: 40
   dt: f
   data: [ 1.4071639e-02,9.9003130e-03,1.9326873e-02,1.8441243e-02,4.2383365e-02,5.8099896e-02,1.1840626e-02,3.0715351e-02,4.9434424e-02,1.8806165e-02,1.6392771e-02,7.2242146e-03,2.0000133e-02,1.3090679e-02,1.6563807e-02,1.5864158e-01,1.3920757e-02,1.3786052e-01,3.6832233e-02,1.3434699e-02,6.8225266e-02,2.8999247e-02,1.5386827e-02,2.9812360e-02,4.5209548e-02,1.8436193e-02,9.7068626e-02,1.1256242e-02,1.1094364e-01,2.3980000e-02,4.4488991e-02,2.6089566e-02,1.3819936e-02,1.6693986e-02,4.9640301e-02,4.0617274e-02,2.9499219e-02,2.6685768e-02,2.0554434e-02,2.2738139e-02 ]
