%YAML:1.0
MITforest.beta: !!opencv-matrix
   rows: 150
   cols: 40
   dt: f
   data: [ 3.1608611e-02,1.1492216e-02,3.3876766e-02,3.6946786e-04,6.6824029e-03,6.1533957e-12,1.7925195e-02,1.7202796e-32,1.5498627e-02,2.3883939e-02,2.7917702e-02,5.6639913e-03,1.8656989e-02,1.5551472e-03,1.4003047e-27,3.5421561e-02,3.4938205e-03,1.2998437e-17,1.9591867e-02,6.7050486e-02,1.6728356e-01,0.0000000e+00,3.7762379e-02,1.8898825e-02,1.2172277e-02,2.8377412e-02,3.5659368e-06,2.4324349e-02,8.2765966e-06,9.3072920e-03,2.7827529e-03,9.1991415e-03,1.3881819e-02,4.6496123e-09,7.9246172e-03,8.4015400e-05,3.5353717e-02,5.4355262e-03,1.7651332e-02,1.0716831e-47,
       2.8684077e-03,4.3870061e-17,6.7608267e-27,8.4981645e-25,5.7601764e-03,2.8326657e-03,0.0000000e+00,0.0000000e+00,3.6458468e-03,7.7278521e-28,5.9679352e-65,0.0000000e+00,7.5188917e-03,7.9721188e-30,9.8383778e-91,4.2686779e-04,4.9811858e-44,6.6385955e-68,5.1806719e-291,4.6848281e-03,1.6733307e-77,7.1875019e-31,7.6881793e-58,1.5119767e-02,2.0913505e-296,2.5174425e-79,3.0906362e-03,0.0000000e+00,1.0011927e-36,4.1749175e-24,1.3288204e-19,2.1109931e-98,0.0000000e+00,0.0000000e+00,0.0000000e+00,1.1451635e-24,5.9418310e-03,1.5078582e-02,0.0000000e+00,1.5413441e-07,
       1.1274284e-02,1.3586948e-01,2.3684110e-02,1.0851440e-14,3.7302076e-02,3.4230037e-02,5.3165881e-193,9.0753364e-04,6.8853924e-56,7.0057264e-03,7.2901751e-03,6.5885612e-03,9.8230235e-03,4.8132315e-04,2.4246103e-24,1.9338623e-21,1.3903846e-25,2.9596386e-17,3.3302940e-03,8.5721288e-24,1.0849985e-22,0.0000000e+00,1.2008683e-02,1.4963358e-02,5.1445508e-50,1.8080707e-22,4.2088620e-04,5.0168730e-03,1.0691082e-07,3.1421147e-06,5.8301764e-11,2.5987703e-02,8.6217483e-03,1.4626080e-02,3.0432744e-02,3.8972175e-106,9.6010794e-09,7.8286837e-03,7.9171529e-03,4.1044139e-72,
       0.0000000e+00,0.0000000e+00,0.0000000e+00,3.1066440e-04,0.0000000e+00,1.4392274e-16,0.0000000e+00,4.5486472e-03,0.0000000e+00,0.0000000e+00,1.8758093e-140,3.2707603e-03,0.0000000e+00,4.3718098e-29,4.8441646e-59,0.0000000e+00,1.1111844e-220,3.3796014e-47,0.0000000e+00,4.4960489e-299,0.0000000e+00,0.0000000e+00,0.0000000e+00,0.0000000e+00,0.0000000e+00,6.8731489e-111,0.0000000e+00,0.0000000e+00,7.5309038e-14,3.5998194e-308,1.7622270e-07,0.0000000e+00,0.0000000e+00,8.1650037e-18,0.0000000e+00,0.0000000e+00,0.0000000e+00,5.0642666e-156,0.0000000e+00,0.0000000e+00,
       5.3631067e-03,1.0704262e-13,4.0430855e-24,1.6366610e-09,2.9653210e-03,1.8805593e-02,9.4975651e-03,1.2226258e-03,1.0571418e-02,2.7403721e-02,3.2174856e-60,1.0247920e-02,3.6872935e-22,6.1362673e-04,2.1811050e-33,1.6691606e-04,2.3322347e-07,7.7235003e-11,2.1529786e-03,7.8513439e-22,1.8242097e-02,0.0000000e+00,9.1710112e-58,5.8005026e-03,1.0603915e-02,2.7988091e-16,9.6509434e-06,1.0133702e-02,9.8428642e-08,2.5053759e-02,2.2859408e-07,4.4326431e-03,2.8280438e-03,2.1247783e-02,1.6401181e-02,1.1698325e-04,7.8102650e-75,1.8177295e-111,1.2145294e-02,0.0000000e+00,
       2.3703708e-88,4.5581333e-12,1.1596584e-02,2.2821826e-17,9.1049313e-06,8.7798942e-17,9.5166084e-03,1.4974685e-02,2.0886428e-68,3.3442711e-31,2.8456233e-64,0.0000000e+00,0.0000000e+00,3.2831144e-15,1.6953177e-63,1.6822765e-63,3.5624174e-43,3.3357432e-28,3.2305173e-03,3.2205853e-75,1.5103147e-77,6.4016759e-22,0.0000000e+00,3.0046518e-03,1.4649528e-65,5.9871968e-177,6.6406925e-03,0.0000000e+00,6.2150989e-11,1.6745104e-12,3.2320208e-04,7.9997425e-03,0.0000000e+00,1.5096855e-13,1.4962636e-127,2.0850075e-155,1.7836715e-72,2.0918346e-15,0.0000000e+00,4.9416283e-03,
       0.0000000e+00,2.4895609e-33,2.0222779e-64,1.8487231e-66,0.0000000e+00,1.0369014e-127,3.1908622e-03,0.0000000e+00,1.1026706e-310,3.3476553e-81,6.1228290e-139,0.0000000e+00,0.0000000e+00,1.4282196e-65,6.8211942e-78,0.0000000e+00,0.0000000e+00,4.6080032e-67,3.4259914e-03,4.0052014e-61,2.2035236e-66,0.0000000e+00,0.0000000e+00,0.0000000e+00,0.0000000e+00,0.0000000e+00,2.2713637e-87,0.0000000e+00,2.0413446e-79,1.0003528e-85,2.2977464e-69,1.1591703e-118,0.0000000e+00,0.0000000e+00,5.6702411e-03,6.0293571e-103,4.7557927e-113,4.5963533e-183,8.3108396e-03,0.0000000e+00,
       7.9904850e-03,1.9919343e-02,1.2776517e-01,1.6763742e-03,4.5169476e-03,3.1444527e-02,4.2345911e-02,2.3919343e-02,3.2357305e-02,2.6930617e-02,3.2120807e-02,6.8278633e-02,3.8929419e-06,2.2695909e-04,1.1098694e-01,4.3655479e-02,2.6201937e-02,5.4938641e-02,2.6392479e-02,1.0258511e-01,7.8198690e-03,9.7754530e-02,2.1123866e-02,4.6368740e-02,1.0627441e-02,5.5436836e-02,3.1647880e-02,1.7441215e-02,4.6793898e-01,3.8476693e-05,1.1182643e-03,5.0601176e-02,3.9284591e-02,6.9929013e-02,3.9952386e-02,7.8881373e-05,1.6356706e-02,5.7306283e-02,4.3282391e-02,8.9182031e-03,
       2.2650203e-91,2.9245635e-02,1.4108055e-02,1.4642265e-07,3.6858580e-15,4.1426033e-03,1.7457810e-02,2.0135556e-02,3.0238222e-02,6.4728066e-03,1.2991485e-02,2.8931014e-02,1.3172184e-02,1.1907429e-05,1.0458422e-01,1.4622205e-02,4.2412490e-06,2.9369706e-03,8.8265576e-03,2.5383617e-18,2.1027826e-02,4.0398357e-02,6.0211739e-63,7.7381291e-03,9.9669782e-03,7.5969856e-10,7.6557771e-03,5.0674194e-03,4.1465004e-09,2.8972916e-04,9.2306095e-11,4.4067756e-02,2.4697194e-02,2.2724218e-02,1.0682308e-02,3.3170269e-04,4.2841557e-03,2.3432954e-02,3.0639806e-02,7.8433480e-03,
       8.0737715e-03,5.7818062e-16,1.7025449e-02,5.5264606e-05,2.1891155e-02,2.5842206e-02,3.1672272e-02,6.6732797e-03,5.8339861e-28,1.4598558e-02,1.3516566e-02,3.8582177e-02,4.5260312e-03,1.1105705e-05,1.8351506e-34,1.0943997e-21,1.4953875e-20,3.1264661e-12,2.5160640e-02,1.1337745e-02,2.4857082e-02,0.0000000e+00,0.0000000e+00,1.1177542e-02,1.1025054e-02,3.0360978e-09,3.8664245e-02,1.5317547e-02,9.3847367e-03,5.5580699e-03,1.7638332e-04,1.3845548e-02,1.1308467e-02,2.4622150e-02,1.3523011e-02,4.0492639e-92,2.2221291e-03,6.8131804e-03,1.3384908e-02,3.9911682e-03,
       2.3662566e-02,0.0000000e+00,1.1685051e-02,1.1829029e-59,1.6829819e-02,0.0000000e+00,0.0000000e+00,0.0000000e+00,0.0000000e+00,0.0000000e+00,3.1280073e-293,0.0000000e+00,3.7594461e-03,7.1453236e-46,0.0000000e+00,2.7165289e-172,0.0000000e+00,1.1683348e-300,4.1941066e-90,9.5053486e-140,9.6117555e-90,0.0000000e+00,0.0000000e+00,0.0000000e+00,0.0000000e+00,1.5284547e-265,0.0000000e+00,0.0000000e+00,7.6475031e-64,2.8163443e-12,2.6404741e-56,0.0000000e+00,0.0000000e+00,0.0000000e+00,2.8251339e-03,0.0000000e+00,7.9296245e-116,7.1552144e-292,9.6345412e-110,6.3641228e-03,
       0.0000000e+00,0.0000000e+00,0.0000000e+00,2.2986083e-43,0.0000000e+00,4.7697004e-150,0.0000000e+00,0.0000000e+00,1.3586850e-107,0.0000000e+00,1.2113095e-101,0.0000000e+00,1.7015620e-46,7.6644470e-29,5.5844989e-106,1.6426699e-101,9.5422705e-45,6.3719247e-88,0.0000000e+00,4.6549883e-03,3.1967906e-17,0.0000000e+00,0.0000000e+00,2.9720960e-03,0.0000000e+00,1.4661019e-88,4.0866843e-90,0.0000000e+00,3.4545414e-24,3.0784222e-83,5.4418170e-52,7.6177947e-81,0.0000000e+00,0.0000000e+00,0.0000000e+00,0.0000000e+00,0.0000000e+00,6.9991746e-03,0.0000000e+00,0.0000000e+00,
       2.8742707e-03,0.0000000e+00,0.0000000e+00,4.7751632e-67,1.1667393e-86,0.0000000e+00,0.0000000e+00,6.5980667e-11,7.3805785e-207,0.0000000e+00,0.0000000e+00,0.0000000e+00,0.0000000e+00,4.9244086e-60,1.7155237e-136,1.4787386e-58,4.9372532e-306,1.7800969e-176,3.0934801e-138,1.0099730e-161,1.4784006e-03,0.0000000e+00,0.0000000e+00,0.0000000e+00,2.8500883e-119,1.4682502e-83,2.2695393e-50,1.6870230e-66,4.9290099e-91,7.5636312e-96,3.7645890e-70,0.0000000e+00,2.5936963e-02,0.0000000e+00,0.0000000e+00,6.4210223e-98,3.7065031e-139,0.0000000e+00,0.0000000e+00,0.0000000e+00,
