%YAML:1.0
MIThighway.alpha: !!opencv-matrix
   rows: 1
   cols: 40
   dt: f
   data: [ 8.6976087e-03,5.4570298e-03,1.2143874e-02,1.4181498e-02,1.6632065e-02,1.3863157e-02,7.0183173e-03,2.8544115e-02,8.9065363e-03,1.2213005e-02,1.2906422e-02,8.1907425e-03,2.1063956e-02,5.0527699e-03,1.8598536e-02,1.8072407e-02,1.7438339e-02,1.0655585e-02,6.8453960e-03,1.8971522e-02,1.5075189e-02,1.6363696e-02,1.0955873e-02,6.3486307e-03,6.6850563e-03,4.6859979e-03,7.1849390e-03,2.1410605e-02,7.3993550e-03,7.6949530e-03,6.3909855e-03,6.5610309e-03,2.3806938e-02,6.9174611e-03,2.0473571e-02,1.7484743e-02,1.1847786e-02,1.3388495e-02,1.7180120e-02,1.4167707e-02 ]
