%YAML:1.0
MIThighway.alpha: !!opencv-matrix
   rows: 1
   cols: 40
   dt: f
   data: [ 1.9194424e-02,6.7266008e-03,3.3368441e-02,7.5101190e-02,7.2473274e-03,1.1399677e-02,1.2181693e-02,7.9223172e-03,4.4336301e-02,3.4653321e-02,3.7438139e-02,1.6232634e-02,2.4060076e-02,1.1093884e-02,1.7139988e-02,1.9521068e-02,2.9170399e-02,1.1108647e-01,8.2841593e-03,1.4034317e-02,2.3819613e-02,1.6356138e-02,2.3742270e-02,8.8826290e-03,1.3920104e-02,3.9572421e-02,4.0848660e-02,1.6286177e-02,4.4791778e-03,4.0272789e-02,2.9328452e-02,3.9522326e-02,5.0663844e-03,2.6108388e-02,3.3810522e-02,8.9183389e-03,1.2184005e-01,8.4866347e-03,4.0252042e-02,7.8677785e-02 ]
