%YAML:1.0
MITinsidecity.alpha: !!opencv-matrix
   rows: 1
   cols: 40
   dt: f
   data: [ 3.7376000e-02,1.1776842e-02,3.1581055e-02,5.4901834e-02,7.7524564e-02,2.5615168e-02,3.4390621e-02,3.2060576e-02,3.4364724e-02,1.7326125e-02,2.0976919e-02,3.8624135e-02,3.3660596e-02,1.8520135e-02,3.0124327e-02,3.0918938e-02,1.7141487e-02,2.3986100e-02,2.8469487e-02,2.0005795e-02,1.4029092e-02,3.1583079e-02,2.5930411e-02,2.6590747e-02,3.6273310e-02,1.6111559e-02,1.3360416e-02,1.8396775e-02,3.4199492e-02,3.8008391e-02,2.5934452e-02,3.9475420e-02,2.4025358e-02,2.8184117e-02,1.9058608e-02,2.8628381e-02,1.3564054e-02,1.7761588e-02,2.4821132e-02,1.2352041e-02 ]
