%YAML:1.0
MITinsidecity.alpha: !!opencv-matrix
   rows: 1
   cols: 40
   dt: f
   data: [ 2.8224938e-02,1.3517242e-02,1.8814965e-02,1.6058835e-02,9.6591253e-03,1.6361369e-02,8.8628549e-03,1.2596217e-02,1.2888122e-02,1.0225141e-02,2.2451614e-02,2.1793939e-02,8.7372045e-03,2.1105426e-02,7.6673735e-03,1.5053312e-02,1.2924546e-02,1.5846330e-02,1.7249225e-02,1.2971454e-02,1.2002778e-02,1.0518622e-02,1.9503790e-02,9.7897810e-03,1.0017713e-02,1.1951666e-02,9.7973418e-03,1.4006370e-02,6.5561569e-03,1.6448140e-02,1.6793273e-02,1.4587638e-02,1.3732217e-02,3.0399884e-02,2.4183225e-02,1.2477000e-02,2.3786593e-02,1.3508926e-02,7.8953617e-03,2.2333983e-02 ]
