%YAML:1.0
MITinsidecity.beta: !!opencv-matrix
   rows: 150
   cols: 40
   dt: f
   data: [ 1.6779559e-07,5.4979800e-08,1.0130011e-02,1.3983992e-33,5.9417157e-03,6.5378838e-03,2.6745654e-18,4.5498178e-27,7.8237591e-05,8.2345272e-36,9.9438254e-03,9.3119189e-03,3.7340592e-02,2.7190187e-43,2.3051791e-14,1.4193126e-28,8.2475233e-17,1.6056525e-02,1.8634963e-03,3.0083752e-03,1.6563989e-09,1.3840805e-16,2.0239693e-06,1.0873118e-08,2.0809662e-13,1.4648883e-19,8.0158197e-11,1.1349228e-03,4.2243010e-02,1.0073944e-02,2.0823979e-03,1.1378117e-02,2.6523859e-04,4.2041650e-03,1.8596942e-03,1.4988413e-02,3.0144148e-03,1.2499120e-02,1.3077000e-02,2.1598331e-34,
       6.0092002e-03,1.6047093e-40,3.4726025e-03,8.3934417e-56,1.6515664e-23,9.3629196e-32,6.6294077e-33,2.4982656e-10,1.1910146e-02,5.6183343e-04,9.0878884e-37,7.4461499e-25,1.0158479e-26,6.7345127e-03,5.6000516e-19,2.1178509e-03,7.8192425e-27,7.4829255e-25,1.4758682e-15,3.3331765e-03,1.2819893e-17,6.4792998e-35,3.6751160e-03,2.4504875e-35,8.3058176e-03,2.4145717e-47,9.8834093e-03,4.2554184e-49,3.4151465e-18,2.4901772e-03,5.8762476e-03,3.3063935e-09,4.1133113e-18,5.5520199e-03,3.9788646e-03,1.1977483e-27,2.2256232e-91,1.6846673e-13,1.2652126e-36,5.3014582e-46,
       1.5830320e-02,1.0961529e-05,7.3635403e-03,8.8659736e-22,1.7749827e-04,2.1887349e-17,7.0068525e-03,2.8419351e-03,4.8329733e-04,2.8331789e-03,4.8170496e-03,3.5094470e-10,1.6527558e-22,1.3251875e-02,7.9581145e-09,1.0530067e-02,5.8581066e-03,3.0789083e-17,5.3281469e-02,1.6795260e-80,3.6613338e-49,3.6161894e-11,2.1907376e-02,5.3254865e-07,1.4195705e-01,2.3175949e-17,3.2384073e-02,9.7525964e-03,5.5464706e-16,1.1040894e-02,1.4943847e-02,8.1203918e-03,2.0357944e-13,3.0128950e-03,1.6866140e-07,1.6478964e-30,6.7943292e-20,1.6836846e-04,3.4085667e-03,1.3110474e-06,
       7.3496152e-14,1.3422662e-14,4.7145410e-50,1.3972744e-02,6.7000171e-03,1.6062801e-02,2.9021473e-02,5.0855412e-03,5.3621849e-09,9.3646496e-31,1.5977042e-02,7.3079876e-04,8.8756616e-03,2.2184459e-03,5.0036654e-13,8.7247871e-03,1.2242579e-18,6.7612211e-12,3.8350562e-03,1.3908725e-80,6.4454876e-02,2.6745681e-03,2.2254674e-32,1.5089087e-02,3.0106840e-42,1.0483857e-32,8.1373177e-03,7.6477320e-03,1.5959254e-02,2.2810988e-34,1.6215344e-02,1.7085486e-03,4.7566566e-02,4.1503637e-03,5.6408257e-12,2.1105780e-02,2.2871062e-28,1.0508256e-02,1.1153512e-02,3.9309211e-03,
       2.0924581e-02,3.9489443e-17,1.0203207e-49,7.8657183e-24,9.0054991e-03,3.6194721e-03,2.0051008e-02,1.8786787e-04,1.0720983e-02,4.8539382e-11,6.2138733e-03,1.5326230e-04,3.8300906e-20,1.6098971e-02,2.4806946e-02,4.4606121e-03,2.9340477e-18,2.7090726e-03,1.8749454e-05,3.2465648e-03,1.0820719e-07,5.4747185e-03,3.0829775e-03,1.3600439e-02,9.7335419e-03,3.7732334e-10,7.5207969e-03,1.6971459e-02,1.5922103e-25,2.2189855e-02,4.4434002e-03,2.9307667e-07,1.1084658e-02,1.3874755e-02,2.0371017e-02,2.0264430e-02,1.8765659e-02,2.1822749e-02,3.0222749e-03,3.8176302e-34,
       3.9041894e-02,4.8960743e-03,3.3554027e-67,4.4211471e-45,1.2408937e-87,3.2226894e-03,5.9315496e-318,9.6532588e-03,4.8959250e-06,4.1583044e-75,9.4383584e-03,2.4788349e-11,2.0928208e-302,2.1456459e-03,6.5581242e-33,4.0189650e-66,4.7413694e-54,2.4324911e-15,6.6368654e-03,9.5489901e-124,3.2432960e-69,5.7168350e-19,1.2326977e-78,2.6206802e-03,3.0569805e-03,6.1786718e-03,1.7176386e-62,2.2444275e-03,3.4385224e-15,4.1484088e-55,3.8170487e-03,1.5773094e-06,3.3597881e-42,5.5962239e-03,1.4292697e-12,5.3765635e-03,3.5947464e-03,5.1983461e-13,1.0822320e-51,6.2436727e-03,
       2.3165529e-34,3.1286345e-03,2.8412783e-02,4.2584123e-03,1.0260740e-48,1.8038717e-02,1.7417088e-24,3.3889391e-02,2.0830123e-02,5.0618302e-40,6.2452422e-03,1.6217877e-18,2.8857369e-03,9.3000814e-03,1.9146138e-33,3.6624808e-44,2.4649215e-16,5.3595903e-33,7.8182254e-31,4.4448976e-03,1.5697629e-04,1.7361627e-02,6.1909342e-03,1.4769889e-18,3.1234610e-69,1.8036967e-32,6.6921030e-35,7.3402534e-58,1.5572616e-52,6.0791978e-24,3.2133904e-46,4.0338994e-18,1.2132210e-07,2.6419676e-04,1.6531775e-07,1.4912814e-03,7.6461894e-34,3.7720993e-23,2.2477747e-02,1.5941585e-14,
       9.5702800e-03,6.3912142e-02,8.9567937e-03,1.5128143e-02,4.8045979e-02,1.2592285e-02,9.0226261e-03,1.2950105e-02,9.8307474e-04,8.0467562e-03,8.8526091e-03,6.1797669e-02,6.9641085e-03,1.5839073e-02,9.6843113e-02,9.6617930e-03,2.1892450e-02,3.1925018e-02,5.0667430e-03,8.9473261e-03,6.4006986e-03,1.6922639e-02,1.1337379e-02,2.3609541e-02,1.6623442e-02,2.0194902e-06,2.5250924e-02,2.0727753e-02,4.4386081e-02,8.5698979e-03,1.3519041e-02,2.0407484e-02,8.3358196e-03,2.7845971e-02,8.8436914e-03,4.5581830e-02,3.2973957e-02,5.9092350e-03,4.8780073e-17,7.6313883e-03,
       1.7330358e-50,1.7432345e-02,1.1929548e-66,4.6253308e-03,8.2682358e-03,4.2808728e-21,2.8871248e-11,2.6000020e-39,3.7893781e-09,1.9247640e-08,3.4665407e-50,7.3896591e-09,1.3811196e-24,2.2448602e-02,4.0906605e-27,4.2987192e-42,1.0375570e-02,1.4798282e-03,5.2850067e-03,2.1842264e-66,8.8935127e-26,1.0757859e-28,6.2069620e-14,1.3759406e-11,4.5138308e-03,5.8724105e-03,3.4767126e-12,1.3893068e-02,1.2875574e-06,1.9168310e-23,1.9623982e-03,2.2808646e-02,1.1111778e-02,1.7194379e-02,1.8117111e-02,5.7261287e-03,1.1886893e-02,1.2494122e-02,3.3517157e-18,1.2289174e-13,
       1.0852301e-02,2.9707363e-31,7.6978396e-03,4.6682719e-03,4.0449090e-03,1.0656278e-01,2.6632258e-06,3.4630268e-02,3.1359554e-02,9.0034282e-03,4.5687124e-03,5.3499173e-04,9.3542637e-03,6.9737189e-03,2.9922286e-32,2.5339761e-03,1.0075299e-18,3.8148535e-03,1.8842283e-10,1.0672821e-68,1.3470663e-31,3.0799180e-03,2.4509699e-13,3.0445571e-06,7.7613778e-03,2.0694598e-09,8.5916528e-03,4.8319767e-03,4.9908691e-03,3.0017744e-02,1.8696359e-03,4.0728917e-12,1.8743400e-21,1.4748422e-02,1.4634311e-08,1.4376182e-07,1.2959134e-02,5.5104051e-03,1.9368951e-08,1.3561131e-61,
       8.9439602e-03,2.7610109e-55,5.5527426e-87,1.2632165e-136,1.1468213e-05,1.4090615e-07,1.3879682e-20,1.7169306e-02,1.4164309e-22,1.0525962e-68,9.6029369e-142,6.4471246e-35,1.4191753e-118,1.4412013e-40,1.3416459e-45,3.9080527e-03,9.4818431e-31,8.0440350e-32,8.7209800e-15,2.0820402e-104,1.2724001e-56,2.0848182e-20,7.3977174e-03,2.3019451e-03,1.4327368e-17,1.1611022e-02,1.5737193e-03,1.3650626e-29,3.9850973e-29,2.7167694e-74,1.5455239e-02,8.1981202e-22,6.3785234e-31,1.9989012e-56,4.0329870e-06,4.2721864e-08,6.7327352e-24,4.0901404e-38,9.1342086e-122,1.9457785e-02,
       2.4015570e-03,3.1164795e-03,1.1916800e-02,3.4004100e-03,9.8505864e-03,1.5312163e-02,2.5770054e-02,7.0574897e-07,6.7666545e-03,1.8078087e-02,1.2154831e-02,1.2639705e-23,3.9886192e-25,4.5202526e-03,4.9469773e-08,2.8264778e-02,4.4062592e-02,2.0484455e-03,1.9879170e-30,1.6049099e-02,9.2412414e-03,2.7784743e-19,3.9647297e-02,2.0496215e-05,2.3443291e-25,9.0650707e-30,1.2396749e-05,3.9741117e-43,3.5940888e-02,1.1717662e-02,1.7395417e-03,3.7923940e-02,3.7437926e-03,6.0643077e-03,2.5158200e-07,1.3387903e-02,1.1228669e-13,2.2286586e-06,1.2121232e-02,1.5947422e-15,
       1.4156859e-02,3.7749623e-03,1.8454064e-80,1.4720089e-49,1.9810208e-28,2.6223229e-02,1.1107501e-194,1.0814561e-09,3.4837109e-40,7.6253568e-03,5.1394135e-295,1.1221616e-23,1.0058250e-76,3.6043277e-103,1.6391595e-29,4.9742618e-59,5.5176882e-49,4.6097170e-35,4.9504813e-20,3.2468595e-03,1.1414509e-61,2.5078209e-26,2.8325406e-75,2.2969522e-41,1.8037621e-73,2.4144268e-67,7.7008950e-81,7.0790550e-03,0.0000000e+00,7.6721895e-03,4.1167881e-03,1.5547099e-26,9.7427107e-46,1.5724891e-65,2.9278034e-09,1.0279355e-60,1.1494569e-24,3.6966448e-05,1.7580162e-47,2.0897113e-86,
