%YAML:1.0
MITinsidecity.beta: !!opencv-matrix
   rows: 150
   cols: 40
   dt: f
   data: [ 1.2408491e-36,3.8370948e-03,1.3003449e-86,1.7125897e-03,2.3702143e-03,4.3341933e-05,1.2701188e-02,0.0000000e+00,2.5661740e-03,5.7438834e-03,1.8485116e-03,7.5441006e-03,0.0000000e+00,1.0575954e-73,4.2568580e-03,2.4173456e-02,4.5365843e-03,3.8811276e-03,3.8674596e-03,1.1524097e-07,2.4307580e-03,7.0462851e-52,4.7021740e-12,3.7886464e-198,7.7213843e-03,7.0629336e-03,2.4296424e-22,2.2458195e-25,4.6186359e-56,6.8760471e-70,1.0682634e-60,7.3930015e-30,3.0886430e-105,1.9256755e-03,4.5040138e-03,7.1896248e-03,3.7983629e-03,8.8799004e-87,2.5850847e-03,2.2268292e-99,
       5.4128119e-03,3.0650254e-02,5.6188180e-56,6.5408370e-03,6.2088209e-03,8.1129060e-03,2.0820291e-02,4.5218243e-03,2.0437274e-29,4.1170804e-03,1.3135439e-02,2.7915281e-03,7.3583251e-03,6.3982415e-18,6.1556415e-03,1.4499535e-31,3.8284914e-99,2.5710542e-74,1.4150628e-02,1.4048830e-20,1.0931058e-02,3.2976084e-03,3.2391475e-35,4.2385185e-03,2.5970386e-02,2.5164549e-22,2.2265279e-39,3.1161289e-05,9.5620458e-02,2.9096406e-03,2.6255663e-02,1.7886407e-02,1.1922050e-110,5.8903828e-03,5.7735202e-03,1.1714299e-02,3.5316486e-03,2.0894304e-75,6.3171712e-03,2.9709274e-03,
       2.8904338e-42,4.6805077e-14,1.8428532e-108,4.2743642e-14,2.2540650e-316,1.7981575e-14,4.6115641e-03,2.2446029e-02,7.0395336e-03,2.6866346e-02,0.0000000e+00,7.8173297e-33,2.2277573e-03,5.5082663e-02,0.0000000e+00,9.2434403e-24,1.7950155e-02,1.2528129e-02,9.6606916e-21,4.9289440e-42,6.8590667e-14,1.5791513e-46,5.9777750e-36,4.2082818e-10,3.3511205e-71,1.3465543e-04,2.4900086e-53,9.6582278e-02,1.1839919e-42,1.9885670e-02,4.7241920e-03,2.9689130e-29,4.8061929e-124,0.0000000e+00,7.4400575e-30,5.9308532e-95,1.3297684e-43,4.9506679e-03,0.0000000e+00,9.0159530e-74,
       7.0749711e-65,1.4047749e-76,3.1782739e-307,7.7484616e-03,1.3157013e-310,6.9024412e-29,1.3437322e-02,4.3472405e-03,2.4824020e-46,3.5599345e-03,4.7132867e-03,2.2949510e-03,1.8336753e-130,8.1980064e-73,2.4251693e-02,2.1321321e-48,7.2712843e-03,3.5081670e-03,2.4326611e-51,1.2838003e-13,1.5275441e-02,1.1387059e-30,2.2778051e-02,8.2620232e-136,1.3024743e-176,6.9417246e-31,5.4375576e-118,7.4121532e-30,1.9195745e-102,7.3672534e-51,3.0121652e-128,1.3342434e-02,2.0759532e-02,6.3896909e-03,5.2247060e-69,1.8669804e-02,0.0000000e+00,2.2627965e-42,3.9832605e-06,1.1848554e-02,
       1.0703564e-47,8.3427339e-24,4.7990305e-02,2.2211804e-57,1.2842867e-02,4.4529588e-36,1.6731525e-153,2.3478109e-161,1.1105015e-02,1.3501329e-02,0.0000000e+00,3.8908453e-03,2.0233454e-02,2.0918523e-02,0.0000000e+00,2.5093379e-58,1.6229196e-15,6.5674643e-157,4.0514980e-83,1.9914790e-46,0.0000000e+00,8.5554855e-69,5.1721909e-03,7.8483941e-11,1.1872525e-02,4.3865956e-46,1.1443918e-56,3.0874333e-02,1.2293759e-02,7.0125021e-49,1.8621243e-22,2.4197744e-53,0.0000000e+00,0.0000000e+00,2.6730495e-31,2.4169427e-02,1.0890441e-02,2.2284884e-02,2.7655464e-252,9.6146703e-93,
       2.2971792e-86,0.0000000e+00,0.0000000e+00,0.0000000e+00,0.0000000e+00,1.0444370e-141,3.5596783e-269,0.0000000e+00,1.9615782e-36,0.0000000e+00,0.0000000e+00,0.0000000e+00,0.0000000e+00,0.0000000e+00,0.0000000e+00,0.0000000e+00,0.0000000e+00,0.0000000e+00,3.3624116e-02,7.1469782e-23,0.0000000e+00,0.0000000e+00,0.0000000e+00,0.0000000e+00,0.0000000e+00,0.0000000e+00,3.2451525e-156,0.0000000e+00,1.0376502e-72,0.0000000e+00,0.0000000e+00,0.0000000e+00,0.0000000e+00,0.0000000e+00,1.8535942e-40,0.0000000e+00,0.0000000e+00,0.0000000e+00,0.0000000e+00,0.0000000e+00,
       1.0880014e-07,2.7465782e-03,2.1151096e-50,6.1652672e-03,4.6032094e-40,2.0114095e-02,1.2733452e-02,2.8871245e-02,3.0750944e-03,1.8013111e-76,7.9094389e-03,4.4421600e-28,1.0103301e-02,2.2224791e-27,1.5045304e-02,1.0109865e-78,6.7680576e-31,2.0055528e-03,2.7197482e-02,5.5552144e-06,2.2410616e-08,1.5443556e-03,8.5624342e-30,8.3129316e-03,1.2165366e-43,9.0881814e-26,8.4586830e-03,3.0956978e-03,2.2551661e-02,1.4663418e-02,1.9385108e-16,1.2586581e-03,3.4116184e-100,7.4354249e-03,2.7923449e-25,9.0495962e-84,3.7370933e-03,1.4668649e-03,2.1407963e-318,6.0125676e-03,
       1.0232767e-30,2.0796913e-38,1.3448854e-279,1.8445096e-72,0.0000000e+00,7.1957451e-46,4.6512668e-135,7.2650646e-51,0.0000000e+00,0.0000000e+00,0.0000000e+00,0.0000000e+00,0.0000000e+00,2.3644333e-214,6.1852064e-03,4.1544331e-03,1.3582539e-106,2.0747772e-03,9.7812844e-98,1.5820541e-57,2.8927625e-23,8.4135532e-45,0.0000000e+00,0.0000000e+00,5.5203873e-02,1.3881297e-76,3.5859780e-278,1.0368478e-64,0.0000000e+00,0.0000000e+00,4.7735229e-21,1.6861483e-53,0.0000000e+00,0.0000000e+00,3.6101334e-49,0.0000000e+00,0.0000000e+00,0.0000000e+00,0.0000000e+00,5.9523711e-03,
       2.2044018e-02,1.4766434e-03,8.7963914e-03,1.1616144e-02,1.5901450e-02,1.6248369e-02,1.6054489e-02,4.9368883e-02,4.5366106e-03,1.8195790e-02,8.0234508e-03,1.3647627e-24,2.9671186e-02,2.0454722e-02,3.4775234e-02,7.8301238e-21,1.4549515e-02,5.7089668e-03,2.1123569e-02,8.4310943e-02,1.9183566e-02,1.0291231e-07,1.8594692e-02,1.6954708e-12,3.6168313e-69,4.7270834e-06,5.4469795e-09,2.0133310e-02,6.5620576e-03,9.6226558e-03,3.0033991e-02,5.4853557e-02,8.5563604e-05,2.8514426e-03,2.5258539e-03,2.5556732e-02,4.4081467e-03,1.3926645e-02,4.5891153e-03,5.2795400e-02,
       4.7137978e-13,7.4663065e-17,3.7291945e-03,3.0624941e-03,0.0000000e+00,5.4290943e-13,3.2251505e-03,3.5643257e-02,2.4322164e-35,2.5678718e-03,3.5910229e-03,6.0108765e-56,6.3904671e-03,4.2513302e-03,0.0000000e+00,4.9543936e-21,3.0003278e-03,3.1696302e-159,1.5987307e-04,5.3429409e-13,4.1735637e-03,2.9486109e-53,4.4625710e-60,3.0259626e-02,1.8041754e-02,1.5850910e-46,9.5516313e-03,4.1311778e-03,3.0560666e-02,2.5806502e-02,2.5723581e-04,1.3564352e-15,2.2480095e-109,4.4999838e-04,1.9827268e-26,4.0327121e-95,7.3943392e-03,2.8444947e-03,0.0000000e+00,2.5416731e-80,
       3.9102816e-08,1.1732710e-50,5.7939406e-61,4.7053280e-64,1.1801727e-03,7.3063842e-13,1.2686312e-227,1.3196349e-57,1.5877530e-02,1.2119678e-105,0.0000000e+00,7.8964712e-68,4.4940905e-03,4.7249227e-64,1.4501145e-03,3.9497199e-229,6.6292018e-222,4.8982897e-05,9.1235171e-14,1.5616208e-17,1.2101575e-01,7.8805416e-57,8.0538353e-69,2.6344233e-03,4.8317839e-130,2.7293631e-75,1.5502564e-02,7.2339230e-33,4.2813209e-16,6.1806518e-21,2.1503630e-03,1.2791105e-09,1.7246397e-218,0.0000000e+00,3.0034891e-60,3.0936393e-184,0.0000000e+00,3.2609651e-03,8.2278860e-28,5.9242279e-03,
       1.1772632e-41,4.3161627e-03,4.9295417e-85,1.5481068e-20,0.0000000e+00,8.2856799e-05,9.3711233e-03,4.5648857e-03,2.2367503e-25,6.7795851e-02,0.0000000e+00,2.0008108e-03,2.9770546e-175,2.0108762e-75,3.6388261e-278,1.0139665e-24,6.4623910e-03,6.3782908e-72,2.1999842e-32,1.5933543e-09,9.5265382e-18,1.7296654e-02,4.6015374e-22,2.5229994e-30,3.8129787e-46,3.6908106e-07,1.4466424e-164,4.1030760e-02,7.9279350e-119,5.7182448e-53,5.8439137e-94,4.6482743e-12,1.8184414e-108,0.0000000e+00,5.3215701e-42,1.9178192e-85,1.0937095e-02,2.2271821e-14,4.3989508e-22,1.5026319e-02,
       1.7960491e-311,4.5559394e-132,3.3748425e-275,2.4705763e-77,2.9477936e-03,0.0000000e+00,0.0000000e+00,0.0000000e+00,1.1065525e-55,3.6266022e-146,0.0000000e+00,7.7929205e-158,0.0000000e+00,0.0000000e+00,2.3645213e-02,2.1441154e-109,0.0000000e+00,2.1096864e-121,1.0160447e-74,1.5698502e-130,0.0000000e+00,0.0000000e+00,4.3996927e-153,0.0000000e+00,3.4502840e-03,2.9711299e-142,4.2051771e-146,0.0000000e+00,0.0000000e+00,0.0000000e+00,0.0000000e+00,3.0137071e-14,0.0000000e+00,0.0000000e+00,0.0000000e+00,9.6125569e-145,0.0000000e+00,0.0000000e+00,1.9130934e-40,0.0000000e+00,
