%YAML:1.0
MITmountain.alpha: !!opencv-matrix
   rows: 1
   cols: 40
   dt: f
   data: [ 4.1572421e-02,1.4027079e-02,1.4400653e-02,9.8827694e-03,6.3589853e-02,6.0265292e-02,6.5452126e-03,5.5931400e-02,5.6757246e-02,7.4077767e-02,1.8578509e-02,1.3044897e-02,4.0657003e-02,7.9211098e-02,3.8703066e-02,3.2323520e-02,8.3452925e-03,1.1972819e-01,3.5831332e-02,2.6541947e-02,1.1627218e-01,2.2851731e-02,1.5287896e-02,2.0486221e-02,3.5227839e-02,2.2059224e-02,7.9261769e-02,1.3392712e-02,3.4830383e-02,3.3199222e-02,1.0857451e-02,1.2120612e-02,2.1001955e-01,1.6397802e-02,4.5291474e-02,6.7621645e-02,1.4230919e-01,9.0818885e-02,1.8800216e-02,2.2563736e-03 ]
