%YAML:1.0
MITopencountry.alpha: !!opencv-matrix
   rows: 1
   cols: 40
   dt: f
   data: [ 1.8273022e-02,2.6413296e-02,1.4607025e-02,6.8647665e-02,3.4361723e-02,2.8611554e-02,4.9184939e-02,1.3038827e-02,1.3854412e-01,4.4001241e-02,8.9407934e-03,1.1561165e-02,7.5258677e-02,2.5069299e-02,4.8460658e-02,3.7590524e-02,1.7925537e-02,3.2671028e-02,3.9977620e-02,6.0219147e-01,2.1069632e-02,6.0964164e-02,5.4191293e-02,1.3701548e-02,3.1564765e-02,6.0924988e-02,3.3058218e-01,4.2019382e-02,1.9289756e-02,3.6067403e-02,3.5679230e-02,3.3169663e-02,2.8717160e-02,6.2467918e-02,7.3328615e-02,2.2885050e-02,1.2375436e-02,2.7497333e-02,2.8016257e-02,5.0392131e-02 ]
