%YAML:1.0
MITopencountry.alpha: !!opencv-matrix
   rows: 1
   cols: 40
   dt: f
   data: [ 9.5804760e-02,1.7455702e-02,9.9318823e-03,1.3149907e-02,7.5887126e-02,4.1640865e-02,2.3443752e-02,2.3334382e-02,2.2590620e-02,1.7846743e-02,1.1940873e-02,4.3962089e-02,2.0739567e-02,1.3381320e-01,4.5692291e-03,1.8674306e-01,1.7719103e-01,1.8328673e-02,4.1169391e-03,2.4307290e-02,2.3050445e-02,5.6390031e-02,3.3294271e-02,1.7803038e-02,1.1541739e-01,2.6058596e-02,2.9484656e-02,1.5652306e-02,4.9594882e-02,2.0204791e-02,1.3219650e-02,2.2483276e-02,1.9459281e-02,2.5015090e-01,1.2571736e-02,2.9182525e-02,1.1075930e-01,2.0647012e-02,3.7123831e-02,2.8157716e-02 ]
