%YAML:1.0
MITopencountry.beta: !!opencv-matrix
   rows: 150
   cols: 40
   dt: f
   data: [ 2.5230143e-18,0.0000000e+00,3.6896654e-150,5.5339945e-183,1.6734360e-29,6.4258849e-03,4.6626669e-166,0.0000000e+00,3.0582421e-03,0.0000000e+00,3.6986838e-03,5.2263116e-03,3.2451086e-79,5.0036633e-05,0.0000000e+00,3.2332486e-75,1.4254569e-18,3.1733562e-143,0.0000000e+00,2.4573968e-07,4.7434220e-03,5.0190065e-36,4.2172877e-03,1.3114957e-156,2.6638674e-03,5.4517716e-78,5.7259360e-87,8.0265449e-07,0.0000000e+00,1.1275521e-273,5.2787580e-03,4.3212580e-127,3.8460846e-40,1.2476009e-15,7.3061368e-85,1.3632573e-02,1.6365447e-08,7.0517143e-294,3.0259549e-55,3.9358211e-81,
       2.5062922e-17,5.6112888e-02,2.3440806e-02,4.2798306e-14,4.0140674e-02,4.7546165e-02,1.6824221e-02,9.5577669e-59,3.4196326e-02,5.9677243e-26,2.5338570e-02,3.9801953e-03,3.5374479e-08,2.5354756e-02,5.7453027e-03,1.4053558e-11,5.5612961e-03,1.9275783e-02,0.0000000e+00,8.4693956e-02,3.1404342e-02,6.1594628e-02,8.4754377e-18,3.7032569e-02,5.8272018e-04,1.5803420e-02,1.0818335e-01,8.6314294e-12,8.3420395e-03,3.9127228e-03,5.4037304e-03,9.4539118e-02,2.5856377e-51,1.9604627e-08,4.0233452e-02,4.3650001e-02,2.4103521e-02,6.5821478e-02,8.9116242e-02,2.2163725e-06,
       2.0210140e-57,2.5582157e-89,0.0000000e+00,7.6320123e-38,9.0669192e-28,9.6137098e-03,1.0828626e-02,4.1844901e-02,0.0000000e+00,2.3149506e-02,1.0532791e-02,1.0599516e-133,7.7709636e-03,9.6469938e-14,1.7174468e-03,3.4936093e-07,4.2396810e-23,1.9959807e-58,7.7407820e-03,4.2274552e-07,6.9549488e-03,2.6704207e-03,7.9908328e-23,2.8074693e-02,5.8488548e-03,8.5902721e-41,3.4098090e-02,2.4822208e-23,2.8104713e-07,2.0390741e-03,3.9124667e-64,1.0205271e-02,1.5640082e-02,5.6370964e-20,7.8583622e-20,1.6765039e-37,1.1475615e-43,8.8535628e-02,8.5505283e-68,1.0762860e-02,
       0.0000000e+00,0.0000000e+00,0.0000000e+00,0.0000000e+00,0.0000000e+00,0.0000000e+00,0.0000000e+00,0.0000000e+00,0.0000000e+00,0.0000000e+00,0.0000000e+00,0.0000000e+00,0.0000000e+00,0.0000000e+00,0.0000000e+00,0.0000000e+00,0.0000000e+00,0.0000000e+00,0.0000000e+00,0.0000000e+00,0.0000000e+00,0.0000000e+00,0.0000000e+00,0.0000000e+00,0.0000000e+00,0.0000000e+00,0.0000000e+00,0.0000000e+00,0.0000000e+00,0.0000000e+00,0.0000000e+00,0.0000000e+00,0.0000000e+00,0.0000000e+00,0.0000000e+00,0.0000000e+00,0.0000000e+00,0.0000000e+00,0.0000000e+00,0.0000000e+00,
       1.4314772e-20,1.5678677e-32,0.0000000e+00,5.5177385e-34,2.4391545e-26,4.0455419e-02,1.5989020e-37,1.9931784e-49,1.7041004e-63,2.8497384e-19,6.2722615e-198,6.8599171e-22,1.2222295e-17,2.9401327e-27,0.0000000e+00,4.8301943e-19,1.4409554e-10,7.2471653e-02,2.0556642e-03,2.6761983e-30,7.0295254e-02,6.6606980e-60,1.8734327e-02,5.5945946e-02,1.4046620e-31,4.1773406e-13,1.0862982e-37,5.4484991e-255,1.5704001e-39,2.7428696e-64,1.0353184e-101,5.5556696e-03,1.9161330e-204,4.9670122e-40,3.8639532e-02,3.7338424e-21,4.0007248e-43,3.3883977e-02,1.0325775e-49,1.7321574e-01,
       7.1020149e-29,9.6439164e-28,5.0478123e-02,0.0000000e+00,1.2502098e-40,3.1128409e-165,1.8782666e-52,1.8853159e-73,6.4222820e-03,0.0000000e+00,2.8854303e-99,3.0664613e-28,6.7903755e-144,7.8079243e-45,5.8836358e-03,2.8347949e-107,6.6324064e-54,2.8147499e-99,0.0000000e+00,3.4828039e-01,0.0000000e+00,5.1427934e-124,9.5946242e-28,0.0000000e+00,1.0654107e-23,5.6468727e-55,1.2188660e-146,1.2787872e-16,4.4319549e-29,3.6896852e-142,3.4863711e-176,0.0000000e+00,0.0000000e+00,4.6262283e-40,3.2836505e-123,5.1879079e-27,2.0802821e-37,0.0000000e+00,0.0000000e+00,0.0000000e+00,
       4.8528669e-11,2.6490171e-48,1.7771488e-02,2.1015546e-33,2.2750355e-18,1.9675096e-01,3.8222705e-25,2.8722478e-17,1.9567247e-02,1.2566779e-21,2.4226445e-03,8.2193746e-02,1.2503553e-09,1.3162817e-13,2.3260264e-02,3.4235557e-06,1.0365226e-02,7.8928571e-03,1.0146867e-02,5.5902940e-02,7.9367743e-09,9.7521079e-02,2.4175838e-06,9.0089163e-03,2.0710130e-03,1.9555681e-02,5.2546887e-02,9.2044421e-02,7.6565949e-03,4.2105988e-02,5.6478778e-80,6.7651871e-49,6.7293841e-02,6.6146820e-03,7.7966982e-41,6.0704937e-03,4.5286435e-09,8.8406518e-12,1.2164557e-09,8.5988958e-03,
       3.4111454e-34,0.0000000e+00,0.0000000e+00,0.0000000e+00,8.6120976e-03,1.5661130e-02,3.2198610e-27,0.0000000e+00,2.5283326e-85,0.0000000e+00,4.2060425e-03,2.5653512e-38,0.0000000e+00,3.2457389e-49,0.0000000e+00,2.2197915e-74,2.0377053e-69,8.2726390e-106,0.0000000e+00,5.9879804e-22,0.0000000e+00,3.3107083e-03,0.0000000e+00,0.0000000e+00,1.4746628e-134,4.4389910e-43,1.5355279e-02,0.0000000e+00,2.4517708e-226,2.7307153e-219,3.3809908e-178,2.0184296e-124,3.1341244e-03,1.9144183e-24,8.6300360e-137,5.2167093e-169,6.8418287e-48,3.0906942e-290,5.2930863e-192,1.1237958e-137,
       3.8670043e-131,6.2742739e-26,0.0000000e+00,0.0000000e+00,3.2595158e-102,2.4574417e-124,0.0000000e+00,0.0000000e+00,0.0000000e+00,0.0000000e+00,0.0000000e+00,0.0000000e+00,0.0000000e+00,2.1602347e-126,0.0000000e+00,2.8946145e-74,3.5535771e-06,2.2046096e-93,0.0000000e+00,6.9154544e-02,0.0000000e+00,4.8666858e-03,0.0000000e+00,5.8468908e-146,9.5371987e-85,0.0000000e+00,2.2730538e-03,0.0000000e+00,2.5640309e-14,0.0000000e+00,1.0348034e-73,0.0000000e+00,0.0000000e+00,3.3492486e-40,0.0000000e+00,1.3181395e-91,7.4341823e-21,4.0543945e-74,5.0460493e-38,0.0000000e+00,
       4.7549957e-03,1.8120401e-50,4.5397596e-02,2.0222772e-32,1.6841593e-17,1.2880120e-01,7.2128795e-08,1.9815465e-17,8.4188675e-72,1.1907202e-10,1.4012818e-02,1.3530671e-03,9.3324178e-05,2.2711436e-02,0.0000000e+00,1.5588161e-11,9.7506694e-14,5.2540061e-82,1.4173864e-02,3.8406167e-02,1.8666132e-33,4.1704190e-03,2.1572084e-01,6.2336663e-37,2.7086528e-03,6.5657394e-02,6.5835537e-03,2.6167836e-02,3.2267206e-12,5.1461785e-02,3.9597911e-02,1.8678427e-86,6.0282088e-02,9.7255846e-11,2.2912411e-02,1.0280977e-13,3.9793847e-15,2.0224585e-02,2.5239960e-15,2.5275527e-03,
       1.3984508e-61,0.0000000e+00,0.0000000e+00,4.3213412e-02,6.7272426e-30,5.5105946e-03,6.3347792e-90,5.1012705e-126,3.8764635e-02,1.6411372e-02,0.0000000e+00,2.2811229e-168,8.9403135e-03,2.4391625e-33,0.0000000e+00,1.9106215e-58,1.0477589e-03,8.1047818e-49,0.0000000e+00,0.0000000e+00,6.8741338e-31,5.0485251e-34,1.8047111e-02,2.7667711e-82,3.3332763e-09,1.9108474e-83,2.7780220e-244,2.0540351e-24,8.9971844e-69,3.9691231e-03,0.0000000e+00,2.0499902e-42,0.0000000e+00,6.3117324e-42,0.0000000e+00,0.0000000e+00,5.5287626e-41,9.3804854e-04,1.5617683e-271,1.8533146e-49,
       2.4317756e-179,7.6301540e-02,0.0000000e+00,3.9618054e-175,1.9825166e-143,0.0000000e+00,0.0000000e+00,1.6376523e-83,0.0000000e+00,0.0000000e+00,0.0000000e+00,0.0000000e+00,8.5890853e-140,6.0395950e-75,1.9612119e-03,5.8090906e-247,4.4931155e-36,1.2427507e-02,0.0000000e+00,3.3650281e-132,1.5254835e-30,4.8696367e-299,2.2307860e-158,1.5815307e-39,0.0000000e+00,0.0000000e+00,0.0000000e+00,0.0000000e+00,3.5146695e-19,1.5024235e-139,0.0000000e+00,4.1379210e-03,0.0000000e+00,4.1694815e-161,0.0000000e+00,0.0000000e+00,8.8079347e-147,2.0371542e-02,4.5419530e-36,7.0398121e-20,
       0.0000000e+00,0.0000000e+00,0.0000000e+00,0.0000000e+00,0.0000000e+00,0.0000000e+00,0.0000000e+00,0.0000000e+00,0.0000000e+00,0.0000000e+00,0.0000000e+00,0.0000000e+00,0.0000000e+00,0.0000000e+00,0.0000000e+00,0.0000000e+00,0.0000000e+00,0.0000000e+00,0.0000000e+00,0.0000000e+00,0.0000000e+00,0.0000000e+00,0.0000000e+00,0.0000000e+00,0.0000000e+00,0.0000000e+00,0.0000000e+00,2.8754624e-02,0.0000000e+00,0.0000000e+00,0.0000000e+00,0.0000000e+00,0.0000000e+00,0.0000000e+00,0.0000000e+00,0.0000000e+00,0.0000000e+00,0.0000000e+00,0.0000000e+00,0.0000000e+00,
