%YAML:1.0
MITstreet.alpha: !!opencv-matrix
   rows: 1
   cols: 40
   dt: f
   data: [ 1.2155023e-02,9.0331922e-02,2.2322190e-02,1.2462050e-02,1.4843620e-02,3.3405481e-02,2.5261436e-02,1.3947259e-02,3.6079004e-02,6.0487117e-02,3.0334049e-02,1.9451346e-02,2.0661440e-02,2.4938241e-02,3.0708145e-02,2.2815506e-02,2.0217754e-02,1.6343012e-02,1.7646547e-02,2.8676896e-02,2.8816638e-02,8.0434480e-03,2.7565350e-02,1.4117507e-02,3.3299074e-02,6.0929943e-02,3.5975669e-02,2.0262333e-02,3.4888622e-02,2.6271509e-02,2.3772539e-02,2.8370333e-02,7.1220919e-03,2.2662943e-02,2.2846608e-02,2.9834029e-02,3.8803703e-02,2.0036256e-02,2.3612077e-02,2.3777462e-02 ]
