%YAML:1.0
MITstreet.beta: !!opencv-matrix
   rows: 150
   cols: 40
   dt: f
   data: [ 6.0818379e-03,2.1133557e-38,6.0024057e-03,1.1123340e-02,7.9269120e-03,2.0291813e-02,7.7853791e-03,1.9172272e-16,5.7442718e-29,8.1460021e-03,1.0958590e-163,2.6987469e-03,3.0564174e-22,1.1670345e-02,1.0405436e-02,5.8929463e-53,3.9258723e-03,9.1289577e-03,2.6251504e-12,1.4216484e-61,1.0067384e-255,1.6174606e-68,5.0702376e-29,3.2470834e-122,1.5618096e-02,5.1492241e-56,7.2584581e-03,4.6695722e-05,2.7324977e-35,3.1814374e-03,2.1585891e-41,3.4629633e-11,2.7782153e-03,1.7677258e-85,5.1129372e-18,8.5480879e-36,0.0000000e+00,2.9257537e-03,2.3372704e-54,1.8170167e-86,
       2.6275193e-71,6.4251037e-128,1.3014530e-02,2.0667781e-06,3.2478564e-03,8.3987354e-35,7.3104271e-08,2.3286967e-02,3.6872502e-29,6.0262004e-10,6.5759721e-174,1.5374412e-103,7.1472490e-133,4.8837532e-02,1.2146419e-02,1.8522427e-10,7.8259252e-03,7.9280667e-08,2.0917593e-02,1.5144189e-02,4.3960811e-03,9.9329647e-03,3.4780373e-22,3.9555383e-03,2.6310724e-02,1.3118751e-03,7.3892952e-03,2.9985730e-52,4.4306866e-20,6.9157744e-09,1.0383572e-133,6.2303524e-26,4.8668615e-36,3.5008166e-03,3.0283681e-03,1.3957628e-02,6.6792908e-232,4.4490545e-105,7.7170817e-03,1.6808443e-22,
       0.0000000e+00,1.4171657e-02,0.0000000e+00,0.0000000e+00,0.0000000e+00,2.5351842e-23,1.8404839e-47,2.9984829e-114,4.0849170e-80,1.0846692e-47,1.4974338e-02,1.1088132e-86,0.0000000e+00,2.6536460e-03,1.1347467e-02,0.0000000e+00,1.9615418e-02,1.6612172e-40,1.8264651e-61,0.0000000e+00,0.0000000e+00,0.0000000e+00,1.1705669e-74,1.4339952e-02,3.5022706e-11,0.0000000e+00,1.0923994e-36,1.6537376e-121,0.0000000e+00,2.4281344e-288,8.9865724e-02,2.1478973e-39,0.0000000e+00,0.0000000e+00,2.9061534e-02,2.2331343e-30,0.0000000e+00,5.1747373e-87,0.0000000e+00,0.0000000e+00,
       5.2365554e-03,9.0251214e-80,0.0000000e+00,0.0000000e+00,0.0000000e+00,4.8566991e-62,1.6309623e-03,7.0683690e-03,2.4353869e-28,3.4470177e-84,2.9743115e-03,0.0000000e+00,4.3579907e-02,0.0000000e+00,4.0326632e-03,0.0000000e+00,7.8366997e-03,6.6709515e-126,1.6557497e-15,2.4144750e-173,0.0000000e+00,2.2331838e-125,2.8528526e-63,3.6755221e-09,1.3830101e-91,0.0000000e+00,0.0000000e+00,4.4264647e-03,1.2350515e-109,6.7511602e-76,4.5207469e-102,4.3276264e-26,2.6367637e-03,2.3155082e-152,1.1493280e-54,1.5483530e-123,0.0000000e+00,2.3641139e-39,5.1005151e-03,1.6535504e-03,
       0.0000000e+00,1.1691042e-02,0.0000000e+00,2.7121466e-29,0.0000000e+00,0.0000000e+00,0.0000000e+00,0.0000000e+00,0.0000000e+00,2.5881037e-03,4.2033039e-181,0.0000000e+00,4.0066966e-03,0.0000000e+00,0.0000000e+00,2.8390505e-03,1.1800741e-02,7.7901700e-89,3.6793100e-05,0.0000000e+00,0.0000000e+00,1.0193223e-26,9.8067321e-129,1.3676859e-20,0.0000000e+00,0.0000000e+00,0.0000000e+00,2.4536227e-131,3.9213555e-74,1.5669400e-296,3.4855689e-94,0.0000000e+00,0.0000000e+00,0.0000000e+00,0.0000000e+00,7.9588817e-279,2.9742460e-244,0.0000000e+00,0.0000000e+00,0.0000000e+00,
       6.3312486e-02,0.0000000e+00,0.0000000e+00,2.2974720e-157,0.0000000e+00,7.1795494e-50,7.0755519e-116,4.4745209e-79,3.9583241e-71,2.3431776e-02,0.0000000e+00,0.0000000e+00,1.1830586e-142,2.6055240e-02,0.0000000e+00,0.0000000e+00,0.0000000e+00,1.2132690e-98,1.2907811e-32,1.0922233e-97,0.0000000e+00,5.1270499e-03,7.5464633e-41,0.0000000e+00,7.3537696e-02,0.0000000e+00,0.0000000e+00,1.9406445e-29,2.6716666e-75,1.5729605e-128,6.4815384e-149,8.3586123e-183,4.5212368e-255,2.4443073e-256,0.0000000e+00,3.7434577e-100,0.0000000e+00,0.0000000e+00,2.6185098e-03,2.5125997e-02,
       1.6965434e-46,3.0106515e-03,7.7083289e-03,5.5066462e-03,6.3576574e-33,1.7376878e-07,1.1620998e-10,1.0167271e-21,1.0683120e-20,1.6904966e-67,8.9843604e-03,3.0304180e-03,8.0543469e-03,2.3201873e-02,9.4585286e-07,1.4528621e-02,0.0000000e+00,6.9204951e-10,1.4741870e-02,6.6037242e-03,1.5279502e-03,6.8436021e-03,6.0844393e-36,4.6513972e-03,5.5229894e-11,3.9408891e-05,1.7456376e-02,8.3120251e-32,1.2586275e-59,2.2505404e-02,2.5651714e-97,3.1324062e-24,4.2739546e-03,2.6208782e-121,2.1881745e-82,3.2289394e-02,0.0000000e+00,5.6521100e-03,1.0082791e-02,1.5392633e-02,
       3.2345556e-52,4.5783113e-96,2.7512328e-02,2.6451762e-28,2.5887054e-102,1.3313155e-49,4.1874935e-03,5.1936892e-02,2.8210165e-08,5.5128472e-52,2.0886153e-156,1.6146785e-112,9.5166321e-113,8.3931428e-03,3.7254667e-03,2.4824143e-10,0.0000000e+00,5.5055161e-19,5.0691688e-34,6.6543119e-04,1.4910924e-43,1.2033155e-02,9.5356327e-13,5.5193718e-83,7.8331948e-58,3.8621211e-02,4.2440539e-03,2.9067416e-81,1.8488577e-27,2.1529856e-04,3.6511561e-02,1.2746478e-22,1.7248096e-27,4.1909270e-93,0.0000000e+00,2.2073291e-10,7.8757651e-03,3.2212016e-74,2.5410647e-03,1.2211890e-02,
       2.9578703e-53,1.9111953e-02,2.5507348e-02,3.2326914e-02,2.4493161e-29,1.4186424e-09,3.8478394e-04,2.5692112e-02,1.1793888e-03,2.8228618e-02,6.4723182e-36,1.7458474e-02,2.5314373e-02,8.6979582e-03,1.5555599e-02,7.0930006e-03,4.7051270e-02,1.3020234e-02,2.4098143e-07,1.3313095e-02,2.9152811e-108,2.8321436e-02,1.3301457e-02,1.8937328e-63,1.8533083e-02,2.7111456e-14,1.3965432e-02,2.5031243e-02,2.3052762e-02,1.3486314e-08,1.2167351e-61,3.4884976e-02,9.9955219e-03,2.7501459e-02,1.5524823e-02,6.5622355e-11,5.1276919e-02,1.2879571e-02,1.3253303e-02,2.0199650e-02,
       0.0000000e+00,0.0000000e+00,8.1043189e-03,2.6673115e-03,2.1335982e-92,2.1342321e-13,8.9726332e-82,1.5828488e-240,5.7767743e-49,2.4746541e-06,0.0000000e+00,0.0000000e+00,4.0564004e-03,1.3761871e-160,3.6834513e-03,3.9766662e-02,0.0000000e+00,1.9911939e-43,5.6219283e-03,3.6702715e-20,1.7389984e-02,1.8370699e-03,7.7807035e-41,7.1385754e-24,0.0000000e+00,2.6766101e-52,0.0000000e+00,6.7030126e-03,1.9316622e-73,5.8110971e-15,0.0000000e+00,1.1279746e-71,7.5921285e-73,3.0776875e-03,0.0000000e+00,3.7482247e-46,3.8965216e-247,0.0000000e+00,2.0102544e-16,2.2712124e-03,
       5.9979506e-02,0.0000000e+00,1.3135866e-85,3.8534644e-06,4.4899912e-132,4.9190611e-25,7.0818975e-77,3.3203960e-03,1.5606844e-21,0.0000000e+00,1.8775319e-162,0.0000000e+00,0.0000000e+00,7.9063352e-88,8.0645584e-03,2.1055878e-02,7.8119691e-03,6.7567288e-47,1.4701346e-36,6.6393165e-04,5.6725349e-03,6.7059983e-39,8.2892472e-40,1.7209510e-02,0.0000000e+00,1.2734161e-36,0.0000000e+00,1.7763956e-163,1.3711388e-61,1.7029857e-02,0.0000000e+00,8.7562646e-51,3.0588828e-03,7.0302873e-121,0.0000000e+00,1.8126403e-14,7.9596990e-03,2.9187540e-03,0.0000000e+00,7.9145477e-91,
       3.3349301e-155,2.8765895e-84,1.1245765e-02,2.4979557e-29,8.4282033e-118,0.0000000e+00,0.0000000e+00,7.4325752e-19,1.8462121e-210,2.3617106e-02,3.9581900e-228,0.0000000e+00,0.0000000e+00,2.2567471e-10,0.0000000e+00,2.8391706e-03,3.9327940e-03,2.2272981e-99,6.9644636e-15,0.0000000e+00,2.8362675e-03,2.8272529e-25,9.4803370e-300,6.9917413e-36,2.9320553e-114,0.0000000e+00,0.0000000e+00,1.9207448e-142,2.2352562e-73,3.3717644e-268,0.0000000e+00,2.8782552e-185,0.0000000e+00,7.6143968e-121,0.0000000e+00,2.2123299e-96,7.0265278e-225,3.9223585e-135,0.0000000e+00,1.2053456e-113,
       0.0000000e+00,0.0000000e+00,0.0000000e+00,0.0000000e+00,0.0000000e+00,0.0000000e+00,0.0000000e+00,0.0000000e+00,0.0000000e+00,1.5957276e-201,0.0000000e+00,1.0083969e-02,0.0000000e+00,0.0000000e+00,0.0000000e+00,0.0000000e+00,0.0000000e+00,0.0000000e+00,0.0000000e+00,0.0000000e+00,0.0000000e+00,0.0000000e+00,1.7908049e-288,0.0000000e+00,0.0000000e+00,0.0000000e+00,0.0000000e+00,0.0000000e+00,0.0000000e+00,0.0000000e+00,0.0000000e+00,0.0000000e+00,0.0000000e+00,0.0000000e+00,7.1649473e-85,0.0000000e+00,0.0000000e+00,0.0000000e+00,0.0000000e+00,0.0000000e+00,
