%YAML:1.0
MITstreet.alpha: !!opencv-matrix
   rows: 1
   cols: 40
   dt: f
   data: [ 8.8722378e-03,1.2619529e-02,6.9312849e-03,2.8616324e-02,1.6311390e-02,6.4391950e-02,4.4770974e-02,2.5180645e-02,8.6480241e-02,1.9125446e-02,1.3950268e-02,1.4454595e-02,9.2336116e-03,1.2501129e-02,6.4215222e-03,2.1460691e-02,4.9568481e-03,8.5372850e-02,4.7203751e-02,2.2292702e-02,1.0091192e-02,3.1602821e-02,8.4505920e-02,1.2623773e-02,1.9432160e-02,5.4166144e-02,7.0780653e-03,4.7323587e-02,2.6528034e-02,3.0664360e-02,1.1025323e-02,9.9494175e-02,2.3403391e-02,1.6187867e-02,7.4959518e-03,8.0940034e-02,3.9923161e-03,9.8661813e-03,6.4752763e-03,2.5953230e-02 ]
