%YAML:1.0
MITtallbuilding.alpha: !!opencv-matrix
   rows: 1
   cols: 40
   dt: f
   data: [ 1.1459597e-01,2.5161211e-02,8.0239360e-02,1.8486684e-02,3.6296896e-02,1.3086397e-02,3.9700109e-02,1.1934792e-02,1.2418571e-02,2.1733841e-02,2.8245606e-02,1.9791746e-02,9.7780273e-02,2.0625978e-02,3.1726621e-02,4.1152617e-02,3.5897126e-02,5.8964421e-02,2.4505558e-02,6.8579681e-02,4.4959965e-02,4.0667365e-02,1.5095595e-01,1.4200104e-02,1.0960135e-02,9.5107855e-03,2.7938270e-02,4.7360565e-02,1.8024047e-02,1.4750937e-02,3.2471098e-02,6.1696186e-02,1.0553601e-02,2.1489687e-02,1.8777109e-02,1.9531198e-02,2.8767054e-02,3.4668170e-02,4.3387387e-02,8.1443072e-02 ]
