%YAML:1.0
MITtallbuilding.alpha: !!opencv-matrix
   rows: 1
   cols: 40
   dt: f
   data: [ 1.0000168e-02,2.2348404e-02,2.8209156e-02,3.4164344e-02,2.6770086e-02,2.5615042e-02,3.2953738e-02,1.6250421e-02,3.0725548e-02,1.2112691e-02,4.1080984e-02,2.7693774e-02,1.8315774e-02,2.4950822e-02,2.1946803e-02,4.4501502e-02,1.7795312e-02,2.9969614e-02,1.3989947e-02,1.7378621e-02,5.0930891e-02,2.8298553e-02,5.9325093e-02,1.9216958e-02,1.0268774e-02,1.8408788e-02,1.3288056e-02,3.8404704e-02,8.6323123e-03,1.6962154e-02,7.8484012e-02,1.0822675e-02,2.1672453e-02,2.3623455e-02,2.1347067e-02,6.7393796e-02,3.7954111e-02,3.3219316e-02,6.0759749e-03,1.6762792e-02 ]
