%YAML:1.0
MITtallbuilding.beta: !!opencv-matrix
   rows: 150
   cols: 40
   dt: f
   data: [ 3.9158145e-13,1.0594625e-41,3.1419083e-02,5.3579812e-46,1.6498626e-02,2.9851186e-07,3.0185922e-17,2.9083317e-03,1.0846605e-28,1.2505421e-02,6.9524399e-88,2.5081182e-71,9.4724142e-40,3.4318484e-02,1.4892764e-24,3.5639018e-03,7.9312472e-09,3.5651829e-02,1.4477477e-02,2.1605171e-53,4.7277479e-03,2.3081305e-20,1.2053105e-16,5.7538966e-82,4.8872916e-02,1.7254265e-02,1.3323037e-48,3.4031930e-02,1.4991547e-20,5.6027584e-03,3.0448602e-03,2.1799300e-49,1.8977657e-03,3.0519953e-03,8.9600595e-15,2.5883136e-57,1.8781375e-51,6.2462804e-16,3.1062866e-02,7.3326200e-02,
       6.1215950e-03,1.9743983e-13,2.9594620e-86,3.1820468e-03,1.8123907e-02,3.2412815e-10,1.6366950e-03,4.0117732e-03,6.8293497e-03,2.6329643e-03,2.2539538e-87,1.4057028e-26,2.6316362e-03,2.2668113e-57,1.2986444e-130,2.1401715e-52,3.9379142e-20,3.8994822e-16,3.4512286e-03,3.3616015e-03,2.6053138e-47,6.8840328e-03,2.9651590e-18,1.3208235e-84,3.7700544e-09,1.7945477e-145,8.8626042e-03,7.2954918e-24,4.5504451e-48,1.4625515e-11,8.2581736e-03,1.2523084e-28,4.7145710e-36,0.0000000e+00,9.4180688e-26,0.0000000e+00,9.7748016e-134,1.8087686e-02,1.4988994e-02,1.5226633e-33,
       3.0471511e-02,1.9678220e-21,1.1618963e-02,8.1463035e-03,2.6877136e-02,2.0090692e-03,1.6855062e-10,9.1618243e-03,1.5005984e-02,3.2752081e-02,7.8838028e-03,6.4336182e-45,5.7763956e-03,8.2556417e-21,2.7971251e-37,7.2099684e-03,1.1202331e-02,8.2183530e-08,3.2359851e-02,2.4473686e-02,1.8753848e-02,7.1127196e-06,3.7291171e-02,1.5643635e-02,4.8580991e-03,1.2116092e-02,5.6719987e-02,3.2533756e-01,1.1889657e-02,8.2961374e-05,1.8628659e-11,4.7274882e-03,3.7875142e-03,4.2880627e-03,4.4473079e-03,8.1090652e-03,1.7958536e-02,9.0994146e-03,1.2104374e-02,9.1638922e-32,
       1.5328630e-02,1.2614800e-02,6.0185517e-110,1.0688815e-02,3.9719180e-250,1.9296248e-11,7.0718076e-34,7.0190427e-08,1.2596360e-02,1.5788473e-02,4.2564784e-03,6.0964283e-02,3.6178054e-53,4.2753966e-43,1.0155358e-02,1.4455382e-02,3.7270457e-19,1.2160384e-02,3.3196099e-03,3.9284895e-24,3.2160885e-04,1.5260636e-03,1.8485452e-02,5.1175953e-21,8.2761572e-03,1.3560055e-02,9.8555467e-27,1.2097796e-05,1.3788778e-51,2.6353424e-03,1.7330631e-40,1.0805362e-13,1.3632916e-25,1.4450429e-02,2.6725255e-02,9.6317012e-42,5.6896415e-03,2.4719074e-02,9.5886134e-43,2.7475902e-03,
       5.3978919e-03,3.6914274e-03,7.9596812e-03,1.2247511e-14,1.6433196e-33,1.7708839e-03,5.0732637e-24,3.4418427e-03,5.7292867e-23,3.4593323e-03,2.2813220e-39,1.8898246e-03,8.0649367e-03,4.7420659e-03,2.5394754e-03,2.8622863e-82,1.8997500e-03,6.7271893e-03,1.3787293e-02,4.5906090e-03,1.9569958e-02,1.4855001e-33,9.6310806e-03,1.4798779e-21,1.6636595e-41,2.8369083e-03,3.5150884e-14,1.7273653e-03,8.7152119e-32,1.1091364e-22,5.8854148e-03,4.8851664e-47,8.5264466e-03,2.0071218e-40,6.3776295e-03,7.6833681e-03,3.2726485e-12,1.7844832e-23,3.0902437e-03,2.2959973e-03,
       1.5597602e-226,7.5022930e-33,2.5412160e-249,0.0000000e+00,1.9073562e-288,1.5199517e-03,5.8483491e-23,0.0000000e+00,1.9653286e-35,0.0000000e+00,0.0000000e+00,6.1326475e-244,2.0900702e-03,1.6920485e-96,2.0733088e-132,3.5695372e-03,2.4273187e-16,0.0000000e+00,0.0000000e+00,0.0000000e+00,9.6148565e-80,1.1551895e-02,0.0000000e+00,1.9041647e-122,1.8727194e-46,1.3337775e-142,5.1681367e-30,0.0000000e+00,3.2531899e-03,1.9643411e-03,1.5086983e-37,2.4852643e-03,6.6716124e-109,4.7658018e-06,1.7214290e-56,3.7206943e-03,2.1414850e-80,3.2146468e-03,5.2804336e-03,6.4885849e-31,
       1.1006719e-129,2.3276688e-26,3.8192868e-03,1.2154697e-48,1.0277451e-02,3.2264036e-03,1.0923088e-02,8.6461996e-178,1.8943038e-22,7.2551947e-41,3.7946760e-03,1.6235106e-54,1.1236473e-39,2.6186367e-34,4.4505410e-155,0.0000000e+00,4.5905757e-31,7.6262726e-03,5.3947585e-114,3.5126663e-48,3.8922174e-03,2.3088140e-02,7.0301664e-41,1.8868465e-14,1.8269952e-06,0.0000000e+00,9.1649186e-33,5.7104417e-59,1.9088699e-65,6.2789842e-27,8.3062498e-03,9.5529432e-90,4.2661163e-78,2.4319059e-02,8.6660540e-155,8.0140271e-91,2.5680757e-72,5.4175534e-03,5.1691361e-40,3.8175997e-36,
       1.3463729e-02,3.1497689e-02,6.2986881e-02,4.9783930e-02,1.1084574e-02,7.6346834e-02,1.3384210e-02,5.7685493e-10,9.4581179e-03,9.6387501e-03,1.5387444e-02,1.3090458e-02,1.9597419e-02,2.1120127e-02,1.3358834e-01,7.7254255e-02,6.3244813e-02,1.2993741e-02,3.2798937e-02,7.4472760e-03,3.1311180e-03,2.3813729e-02,2.0994101e-04,7.9908673e-03,1.6868382e-02,3.1412480e-02,8.5948604e-03,6.3298303e-03,1.0711812e-02,8.3607420e-02,1.4735191e-02,1.8741680e-02,2.1912605e-02,4.3408982e-02,4.4215208e-02,3.8489591e-02,5.4649381e-02,9.3835033e-03,1.5106738e-02,6.5410171e-02,
       3.1265222e-03,2.5323043e-28,1.1836085e-02,3.3266377e-02,7.7912242e-122,1.7187578e-13,5.7673498e-03,4.8727634e-03,2.3628793e-02,6.5913167e-03,1.0700032e-72,3.5545099e-03,7.4830140e-03,3.0333874e-11,1.2903660e-02,5.1556187e-127,3.2190532e-03,2.3100473e-10,3.7027553e-19,1.7050923e-17,8.2877582e-04,3.5839766e-03,5.4779802e-03,2.2382198e-03,2.0133756e-13,1.0703873e-02,3.8125694e-03,1.4710804e-28,9.3979485e-12,6.7300086e-26,6.7754975e-06,3.9723215e-03,1.4581669e-02,1.2227098e-02,2.6124982e-02,3.8665013e-03,1.4624539e-17,8.4204426e-03,9.5477662e-03,6.2212216e-25,
       6.3291347e-55,2.8364772e-03,9.9179290e-55,6.4804138e-03,1.0225118e-02,2.0395931e-02,4.9737489e-03,1.4293586e-99,3.1964917e-50,5.2851411e-03,3.2572855e-26,2.6834257e-69,3.4765324e-131,5.2386102e-40,3.8198098e-03,3.9983601e-03,2.9500004e-03,4.1018110e-08,2.2555887e-04,1.4969618e-60,1.3807362e-02,9.7018351e-03,7.9827886e-06,2.6415257e-09,7.3396897e-10,4.2098701e-03,3.1686077e-02,3.5129141e-03,1.5578772e-02,1.3301873e-02,1.8505247e-18,3.4735300e-70,3.8140446e-03,5.9870311e-30,3.5915146e-03,3.8019375e-03,1.3533197e-38,9.1907639e-03,3.6406452e-03,2.4597982e-48,
       1.7366083e-01,7.4212873e-22,6.7105742e-02,5.6593208e-02,2.3772966e-02,2.0743590e-29,6.1180437e-21,2.4515607e-117,7.1148984e-03,3.9375532e-27,4.2379749e-02,3.0434305e-75,1.6869369e-03,1.0032083e-49,1.6041172e-34,8.5294718e-88,1.3932633e-15,4.7091219e-72,1.3929500e-12,7.5566871e-03,1.3567820e-07,4.0905457e-177,3.9762278e-02,7.9524085e-50,0.0000000e+00,3.3644518e-03,3.2866425e-03,7.6170598e-03,6.5071317e-03,9.2747364e-47,8.0205151e-164,3.0481279e-21,1.5770837e-78,1.8733331e-42,3.4975367e-38,4.1027387e-03,1.3101287e-02,1.9332324e-177,3.7731238e-53,8.6094172e-104,
       2.0082748e-02,1.2472767e-02,5.4569291e-73,1.0926901e-17,4.7537902e-03,2.8087787e-38,4.3570968e-25,2.1662353e-79,3.0989691e-35,2.7487069e-02,3.8898833e-03,6.1434885e-03,3.1433971e-02,1.7972310e-22,2.6618247e-03,1.5147538e-82,6.1825276e-20,3.2621956e-02,9.2320071e-03,7.6991062e-02,2.7087549e-12,1.7899011e-03,4.4217505e-07,2.3487167e-02,4.2025521e-50,1.5184261e-02,6.0744293e-16,2.5926342e-18,1.0956578e-02,4.2937819e-03,9.0196420e-03,1.3228700e-02,1.5482735e-03,6.7508422e-31,7.2875653e-12,7.8452079e-03,6.7661708e-02,9.8961864e-03,6.9768495e-03,3.1595509e-03,
       6.4716126e-07,3.4665134e-03,0.0000000e+00,0.0000000e+00,0.0000000e+00,3.0241294e-37,4.5987926e-03,4.0578542e-97,1.5552111e-135,2.2779234e-03,3.3017535e-101,2.2298852e-03,1.7979187e-144,1.4655162e-89,1.1682419e-166,0.0000000e+00,3.7607488e-07,2.4956332e-05,6.9354551e-03,7.5320779e-94,2.1196171e-107,3.7593618e-03,1.3685550e-21,1.5827924e-153,2.2274561e-36,7.6679136e-145,2.1527162e-03,2.4241178e-76,6.5304571e-03,8.8815888e-29,6.5143756e-03,2.4723594e-137,3.4634355e-116,0.0000000e+00,2.0192812e-16,7.4962006e-03,4.4249345e-68,4.9965181e-03,1.0925696e-02,8.5766250e-107,
