%YAML:1.0
PARoffice.alpha: !!opencv-matrix
   rows: 1
   cols: 40
   dt: f
   data: [ 2.2904765e-02,2.8360034e-02,1.4559716e-02,1.6137415e-02,2.6667935e-02,1.0491735e-02,1.2749635e-02,6.7906390e-03,1.7826624e-02,7.8017231e-03,1.9763275e-02,2.6805556e-02,2.1806071e-02,9.7198015e-03,3.5334272e-02,2.0596068e-02,1.3318519e-02,8.9440948e-03,1.3355015e-02,1.2160687e-02,9.8525424e-03,9.7347130e-03,1.8579459e-02,4.3681545e-02,2.6310177e-02,2.6366049e-02,1.1157361e-02,2.4676453e-02,1.0361939e-02,1.0684669e-02,1.5222539e-02,1.1344921e-02,1.6845353e-02,1.6805322e-02,1.0891410e-02,1.0117633e-02,1.0468771e-02,1.4708004e-02,1.6553401e-02,1.6905506e-02 ]
