%YAML:1.0
PARoffice.alpha: !!opencv-matrix
   rows: 1
   cols: 40
   dt: f
   data: [ 4.4687372e-02,5.0496816e-02,1.1934458e-02,6.0105740e-02,4.5103764e-02,2.9577969e-02,6.6075388e-02,4.6143915e-02,3.5842804e-02,5.9291844e-02,4.8773979e-02,4.7539481e-02,5.9144127e-02,3.2730246e-02,5.0024044e-02,4.0143420e-02,3.5987388e-02,4.4206300e-02,7.6462875e-02,3.1244014e-02,4.0309488e-02,5.0136623e-02,6.3695487e-02,4.7752243e-02,3.9867594e-02,3.0994283e-02,4.4881464e-02,1.1170697e-01,3.6790762e-02,4.9422551e-02,5.7782532e-02,3.9857023e-02,5.6354586e-02,6.2846190e-02,5.8323177e-02,3.8074656e-02,4.6609996e-02,3.2659694e-02,6.5511661e-02,3.3957575e-02 ]
