%YAML:1.0
PARoffice.alpha: !!opencv-matrix
   rows: 1
   cols: 40
   dt: f
   data: [ 3.7040326e-02,5.2022351e-02,5.4785683e-02,6.0479774e-02,3.7048750e-02,4.4472355e-02,3.2304248e-02,7.2058469e-02,5.9106093e-02,3.7147118e-02,5.6188776e-02,5.7007161e-02,5.8938955e-02,4.6614062e-02,4.7527722e-02,6.8795368e-02,5.9923643e-02,4.5614218e-02,2.8589237e-02,4.1159551e-02,5.6224300e-02,3.8833527e-02,4.3531145e-02,3.8794168e-02,3.9566058e-02,5.2522220e-02,5.8673362e-02,5.3618168e-02,4.7738219e-02,5.8312563e-02,4.9090126e-02,5.0756775e-02,7.6469140e-02,2.7646835e-02,4.7366859e-02,4.2294239e-02,3.4313569e-02,6.4239769e-02,3.7357311e-02,5.2734671e-02 ]
