%YAML:1.0
all.beta: !!opencv-matrix
   rows: 150
   cols: 40
   dt: f
   data: [ 1.9319823e-05,2.9788836e-03,4.4895129e-04,5.1516271e-05,1.8352548e-06,3.2514655e-03,3.0055869e-01,1.6751424e-04,2.1152077e-06,1.4501924e-03,3.4476188e-06,6.9761010e-03,1.1047945e-05,5.4440818e-05,2.4127676e-04,2.1976280e-03,1.3029846e-03,1.6085392e-05,3.4278718e-07,4.9987737e-08,1.7494442e-05,6.0202649e-05,7.7229056e-04,3.9227435e-05,1.1940683e-04,1.2062491e-05,1.1206826e-04,2.5788839e-06,5.2462020e-04,3.8707613e-05,4.2397827e-04,7.6075569e-05,8.0876609e-04,3.5129328e-04,5.8173336e-03,1.2712898e-03,5.2057140e-05,1.5001431e-07,1.0689838e-04,2.1889722e-04,
       1.1625024e-04,1.3960483e-02,4.5184548e-08,1.6121714e-02,1.0954080e-03,1.7212840e-03,1.0928732e-04,2.0953425e-06,8.1002236e-03,3.3512681e-03,2.1895947e-03,3.8034181e-03,3.6482834e-03,3.7485750e-07,6.3151428e-05,3.8767923e-06,3.7656464e-04,1.4632035e-05,1.9500962e-05,5.6814346e-04,7.3732277e-03,2.2835230e-06,6.7532705e-03,5.8396066e-05,5.4888098e-05,1.1382163e-04,2.4924788e-02,5.6613800e-03,6.0864405e-05,1.7586186e-03,3.3547883e-04,2.6518157e-07,9.6098999e-04,1.6159834e-02,4.3374420e-02,1.7454984e-05,5.9690983e-05,4.8243816e-04,3.5313522e-03,7.6220138e-06,
       1.4936407e-03,9.0638876e-05,1.9627267e-06,5.6951183e-03,1.2380202e-06,1.3535338e-03,2.0618045e-04,1.2425792e-03,2.4068905e-03,4.1549659e-05,6.0695458e-04,1.3195483e-03,2.8898988e-04,9.6546165e-07,1.7308378e-04,3.0530057e-04,1.8325669e-03,1.8354820e-05,8.2274959e-05,1.8603929e-04,4.7312473e-03,4.3120395e-08,1.4751846e-03,1.5997740e-05,1.2484836e-04,5.1583211e-04,6.4576460e-03,8.0612991e-03,8.4578671e-04,5.9826611e-01,1.3779619e-03,3.5948503e-05,1.1615108e-03,3.1306799e-03,1.5108353e-04,8.6693743e-05,3.1570081e-05,1.7257755e-06,5.2747214e-05,1.1604149e-05,
       1.5594071e-03,2.2573004e-12,5.1788766e-08,6.4455717e-07,4.8025387e-10,7.6595366e-05,1.3478666e-10,8.9638585e-06,6.0949191e-11,3.4632329e-05,1.9016797e-07,1.2535103e-03,2.8312388e-06,1.2708243e-19,1.0633633e-07,1.5805293e-03,1.6424240e-06,1.6318985e-07,1.4429621e-04,5.0440100e-12,1.3280138e-13,5.4384210e-06,2.4806642e-03,5.4473944e-03,1.5507847e-01,8.4490299e-11,1.4392935e-11,5.7422778e-10,6.7844647e-10,2.7429183e-11,4.2853101e-12,1.8738397e-09,2.5895013e-07,1.2722711e-10,1.0166280e-08,1.0385208e-13,6.1086201e-04,2.9721713e-06,3.6443755e-08,1.0282952e-07,
       1.7919210e-03,1.2579838e-03,4.5139029e-03,3.4392592e-04,5.8316269e-05,1.7820491e-02,7.3274298e-05,1.4946419e-04,1.0582421e-03,3.8260506e-04,1.1716608e-02,2.7279098e-03,4.0636374e-03,1.6808902e-07,4.3891325e-02,9.4919273e-04,1.3305317e-02,6.1693681e-03,5.5588365e-03,8.9807706e-03,1.9373612e-06,3.3134580e-03,2.2598357e-04,8.5316433e-04,3.4788384e-03,1.3708469e-03,1.7760214e-03,5.1883433e-04,1.7456204e-03,1.2190875e-02,3.2356653e-03,3.9524140e-04,2.1008067e-03,1.1908232e-02,1.4739672e-03,3.7893510e-02,6.8159203e-04,9.0417045e-04,2.5890899e-03,2.0856909e-05,
       3.3235430e-06,2.5484667e-05,6.5052160e-03,1.8953435e-03,2.3668675e-03,2.3711164e-04,2.2466616e-06,1.1798106e-03,1.4581687e-02,5.4443231e-04,7.2096142e-05,1.6213199e-02,1.9156290e-04,9.2214665e-06,3.1889783e-03,3.6183424e-04,2.0588743e-03,3.9727010e-06,2.3835139e-04,1.6648050e-02,2.1889837e-03,4.9781580e-05,1.7919947e-03,5.2693150e-05,4.9934052e-04,9.1341971e-05,2.9977370e-04,6.0800730e-04,1.8495810e-03,9.4114070e-04,1.5768357e-04,6.8459862e-05,6.0934497e-03,5.4851611e-02,2.8539718e-03,8.5120762e-05,4.0518727e-05,1.3836800e-04,5.9839362e-03,1.0339498e-03,
       1.4306139e-04,2.1573255e-09,2.3701202e-02,2.2826114e-06,6.5938292e-01,4.0116475e-06,2.4222375e-11,1.3801351e-08,9.0242188e-07,3.7268687e-06,2.1001987e-08,7.5290371e-04,4.1539473e-04,2.8451297e-17,5.5943719e-06,8.1099559e-05,4.2766337e-05,1.8362876e-10,3.3746594e-06,3.5375610e-08,4.3337911e-08,1.1157648e-11,3.2357328e-03,2.7950786e-10,2.1622753e-05,3.1358788e-13,6.8895011e-06,4.1047486e-10,1.2945133e-06,3.0934992e-11,4.9081787e-12,9.9738149e-10,3.8682210e-05,1.5083192e-05,7.1368726e-09,1.2295733e-09,3.0226046e-08,1.3646845e-04,8.7103692e-04,1.0725591e-06,
       2.4115064e-04,1.2016626e-03,1.1950100e-03,5.9809324e-05,1.0140826e-05,1.4700813e-04,2.4882417e-02,3.3932865e-03,5.9708767e-06,4.9945233e-05,1.6478151e-06,5.4982604e-05,2.3200466e-04,1.2818416e-02,1.0390109e-03,8.5310924e-04,2.1455368e-04,5.0668926e-03,5.0317767e-04,1.6712024e-04,6.9903944e-05,4.8274948e-01,2.6929687e-04,1.6277606e-02,2.5036334e-03,3.3687126e-06,2.5336653e-05,9.1658662e-06,5.4445135e-04,1.7194553e-04,1.2433013e-05,3.4792602e-02,2.5901998e-04,2.2985681e-05,1.6435329e-04,1.0022720e-04,1.5091632e-02,5.6482963e-04,2.5853445e-04,1.9907749e-04,
       3.8427377e-05,1.0188526e-04,3.4714048e-03,1.7630117e-03,1.0187889e-08,1.4125433e-02,1.1808263e-03,1.2320736e-03,5.2683362e-04,2.7004460e-05,8.7216575e-05,4.6753722e-03,1.0356881e-03,5.1801678e-06,1.4192117e-04,5.6813649e-03,1.3476819e-04,8.9546136e-04,1.4231908e-05,1.9659597e-07,2.0305682e-04,5.3931936e-03,5.0667818e-03,7.6015032e-05,1.2102827e-02,1.8538989e-06,5.3850796e-05,9.8414311e-07,3.3517538e-06,3.9182915e-06,2.1721057e-04,6.1476161e-02,8.5745085e-04,8.2820156e-04,2.4541054e-04,1.9673210e-05,2.3028614e-03,1.2455808e-07,1.7800393e-04,2.0975577e-05,
       1.0133637e-04,6.1062709e-03,1.1056015e-02,7.2999935e-04,6.6935118e-03,3.1802142e-03,4.9758588e-03,2.4058914e-04,1.0233974e-03,2.0398820e-04,1.8006528e-05,1.7500346e-03,3.7336435e-06,2.2121131e-04,6.8303882e-03,4.1198353e-04,5.7180055e-04,1.5722582e-03,1.5047801e-03,5.3901950e-01,1.2734826e-04,1.2848400e-05,3.4455029e-04,8.5385863e-06,1.9310340e-06,7.6367196e-06,1.1092912e-03,3.4629731e-03,1.7240185e-03,3.7165797e-03,2.6776194e-04,1.1471547e-03,1.7815528e-04,1.1318229e-02,2.3342111e-03,1.2814967e-03,2.0836082e-05,4.8493892e-07,1.9088494e-05,1.4801985e-04,
       1.3399181e-06,4.5020194e-09,3.9867831e-18,1.1904498e-02,8.9726178e-07,5.8080854e-06,1.9733045e-12,2.1606130e-12,3.9242243e-07,3.7181292e-06,5.8194846e-07,8.9818077e-06,3.7080679e-06,4.5449631e-15,7.2821297e-09,2.4048182e-10,4.5089401e-03,8.0152803e-13,4.2411411e-09,2.2012716e-07,8.0021396e-01,3.3155390e-19,5.2742948e-07,9.2658505e-16,1.2213059e-08,1.5746456e-11,5.4579274e-06,8.1298176e-03,1.0560893e-06,9.8653020e-06,1.5459276e-04,3.0606406e-14,3.6349042e-04,6.7959033e-07,5.4761111e-08,2.7412645e-11,9.7235974e-10,1.3170738e-07,2.6642985e-06,3.5028492e-11,
       6.4684265e-03,2.0682605e-08,6.3137559e-05,3.2489704e-04,8.7860100e-06,6.4865960e-05,1.6454287e-06,1.9688607e-03,6.3984195e-12,4.0379168e-05,7.5133517e-04,1.1699800e-04,1.1670219e-03,2.0734204e-13,8.9033652e-05,4.2039293e-04,1.6669764e-06,5.0222326e-06,4.4270159e-04,8.1847776e-11,3.2946053e-11,1.0288441e-06,1.8005014e-02,7.5744184e-03,5.1464074e-05,1.1882895e-07,1.9645968e-07,5.2670902e-11,3.8420836e-08,9.9410217e-16,1.0563265e-09,2.1255258e-07,1.6582295e-07,4.8489501e-05,7.3182267e-04,5.5539528e-09,1.1974915e-01,1.2257863e-06,1.3303243e-03,7.6556152e-04,
       6.9223927e-08,6.7291624e-08,6.8827270e-05,4.6910298e-08,1.0158863e-04,2.0696227e-10,3.5091756e-11,1.6792980e-07,1.0996098e-01,5.3331756e-05,4.0145165e-05,7.3886079e-05,9.4280803e-05,2.6070436e-13,2.7375369e-08,5.9864526e-08,2.0432623e-01,1.7744259e-10,4.3733882e-04,1.9970220e-02,8.4364738e-11,1.2293302e-07,9.1608574e-06,4.0512595e-07,1.9238197e-06,1.9180073e-09,6.1000891e-08,1.7766127e-07,4.5521477e-06,5.7225573e-09,1.2055834e-08,2.7296161e-09,2.4786814e-07,1.0390448e-02,5.9580241e-10,1.0549455e-08,9.7565608e-08,3.5707497e-05,8.4973240e-10,3.3063346e-06,
