%YAML:1.0
kitchen.alpha: !!opencv-matrix
   rows: 1
   cols: 40
   dt: f
   data: [ 6.8407270e-03,6.9374244e-03,1.3378196e-02,1.3219811e-02,1.2853088e-02,7.8109099e-03,9.8134886e-03,1.2992888e-02,1.3044826e-02,1.3076121e-02,8.7835513e-03,5.2235108e-03,5.9576833e-03,8.5910868e-03,4.3358281e-03,1.0928365e-02,6.7803615e-03,9.2496122e-03,3.7996052e-03,1.6986708e-02,6.5676562e-03,8.5345874e-03,8.7360232e-03,1.3431092e-02,1.0644804e-02,1.0530201e-02,1.5566826e-02,8.1277968e-03,1.8597747e-02,8.6335965e-03,1.1428047e-02,6.5118525e-03,5.9733437e-03,8.3027793e-03,1.0475018e-02,3.7153614e-03,8.2760821e-03,4.3316389e-03,8.3831271e-03,1.0612824e-02 ]
